cohort_month	total_customers	months_after_first_order	customers_active	retention_percentage
2022-05	108	0	108	100.00
2022-05	108	1	6	5.56
2022-05	108	2	10	9.26
2022-05	108	3	10	9.26
2022-05	108	4	8	7.41
2022-05	108	5	8	7.41
2022-05	108	6	9	8.33
2022-05	108	7	9	8.33
2022-05	108	8	12	11.11
2022-05	108	9	10	9.26
2022-05	108	10	10	9.26
2022-05	108	11	3	2.78
2022-05	108	12	10	9.26
2022-05	108	13	12	11.11
2022-05	108	14	8	7.41
2022-05	108	15	11	10.19
2022-05	108	16	12	11.11
2022-05	108	17	12	11.11
2022-05	108	18	14	12.96
2022-05	108	19	10	9.26
2022-05	108	20	7	6.48
2022-05	108	21	5	4.63
2022-05	108	22	5	4.63
2022-05	108	23	17	15.74
2022-05	108	24	10	9.26
2022-05	108	25	10	9.26
2022-05	108	26	6	5.56
2022-05	108	27	11	10.19
2022-05	108	28	11	10.19
2022-05	108	29	10	9.26
2022-05	108	30	7	6.48
2022-05	108	31	18	16.67
2022-05	108	32	4	3.70
2022-05	108	33	4	3.70
2022-05	108	34	10	9.26
2022-05	108	35	9	8.33
2022-05	108	36	6	5.56
2022-05	108	37	12	11.11
2022-05	108	38	9	8.33
2022-05	108	39	3	2.78
2022-05	108	40	9	8.33
2022-06	117	0	117	100.00
2022-06	117	1	11	9.40
2022-06	117	2	8	6.84
2022-06	117	3	9	7.69
2022-06	117	4	10	8.55
2022-06	117	5	7	5.98
2022-06	117	6	10	8.55
2022-06	117	7	8	6.84
2022-06	117	8	10	8.55
2022-06	117	9	8	6.84
2022-06	117	10	7	5.98
2022-06	117	11	11	9.40
2022-06	117	12	16	13.68
2022-06	117	13	9	7.69
2022-06	117	14	11	9.40
2022-06	117	15	11	9.40
2022-06	117	16	7	5.98
2022-06	117	17	10	8.55
2022-06	117	18	9	7.69
2022-06	117	19	10	8.55
2022-06	117	20	9	7.69
2022-06	117	21	9	7.69
2022-06	117	22	7	5.98
2022-06	117	23	10	8.55
2022-06	117	24	11	9.40
2022-06	117	25	9	7.69
2022-06	117	26	11	9.40
2022-06	117	27	11	9.40
2022-06	117	28	13	11.11
2022-06	117	29	11	9.40
2022-06	117	30	12	10.26
2022-06	117	31	5	4.27
2022-06	117	32	11	9.40
2022-06	117	33	15	12.82
2022-06	117	34	10	8.55
2022-06	117	35	16	13.68
2022-06	117	36	11	9.40
2022-06	117	37	11	9.40
2022-06	117	38	10	8.55
2022-06	117	39	7	5.98
2022-07	134	0	134	100.00
2022-07	134	1	10	7.46
2022-07	134	2	11	8.21
2022-07	134	3	14	10.45
2022-07	134	4	17	12.69
2022-07	134	5	10	7.46
2022-07	134	6	11	8.21
2022-07	134	7	13	9.70
2022-07	134	8	13	9.70
2022-07	134	9	12	8.96
2022-07	134	10	15	11.19
2022-07	134	11	16	11.94
2022-07	134	12	11	8.21
2022-07	134	13	9	6.72
2022-07	134	14	11	8.21
2022-07	134	15	12	8.96
2022-07	134	16	9	6.72
2022-07	134	17	9	6.72
2022-07	134	18	14	10.45
2022-07	134	19	11	8.21
2022-07	134	20	12	8.96
2022-07	134	21	13	9.70
2022-07	134	22	12	8.96
2022-07	134	23	11	8.21
2022-07	134	24	17	12.69
2022-07	134	25	10	7.46
2022-07	134	26	15	11.19
2022-07	134	27	7	5.22
2022-07	134	28	14	10.45
2022-07	134	29	14	10.45
2022-07	134	30	10	7.46
2022-07	134	31	16	11.94
2022-07	134	32	8	5.97
2022-07	134	33	13	9.70
2022-07	134	34	15	11.19
2022-07	134	35	9	6.72
2022-07	134	36	10	7.46
2022-07	134	37	13	9.70
2022-07	134	38	6	4.48
2022-08	127	0	127	100.00
2022-08	127	1	17	13.39
2022-08	127	2	13	10.24
2022-08	127	3	17	13.39
2022-08	127	4	18	14.17
2022-08	127	5	12	9.45
2022-08	127	6	5	3.94
2022-08	127	7	12	9.45
2022-08	127	8	13	10.24
2022-08	127	9	10	7.87
2022-08	127	10	17	13.39
2022-08	127	11	11	8.66
2022-08	127	12	16	12.60
2022-08	127	13	10	7.87
2022-08	127	14	13	10.24
2022-08	127	15	7	5.51
2022-08	127	16	10	7.87
2022-08	127	17	17	13.39
2022-08	127	18	9	7.09
2022-08	127	19	17	13.39
2022-08	127	20	18	14.17
2022-08	127	21	15	11.81
2022-08	127	22	9	7.09
2022-08	127	23	15	11.81
2022-08	127	24	14	11.02
2022-08	127	25	12	9.45
2022-08	127	26	11	8.66
2022-08	127	27	12	9.45
2022-08	127	28	7	5.51
2022-08	127	29	18	14.17
2022-08	127	30	16	12.60
2022-08	127	31	12	9.45
2022-08	127	32	4	3.15
2022-08	127	33	14	11.02
2022-08	127	34	15	11.81
2022-08	127	35	17	13.39
2022-08	127	36	8	6.30
2022-08	127	37	3	2.36
2022-09	133	0	133	100.00
2022-09	133	1	10	7.52
2022-09	133	2	15	11.28
2022-09	133	3	12	9.02
2022-09	133	4	14	10.53
2022-09	133	5	16	12.03
2022-09	133	6	16	12.03
2022-09	133	7	11	8.27
2022-09	133	8	14	10.53
2022-09	133	9	17	12.78
2022-09	133	10	9	6.77
2022-09	133	11	13	9.77
2022-09	133	12	16	12.03
2022-09	133	13	14	10.53
2022-09	133	14	12	9.02
2022-09	133	15	10	7.52
2022-09	133	16	12	9.02
2022-09	133	17	10	7.52
2022-09	133	18	17	12.78
2022-09	133	19	13	9.77
2022-09	133	20	16	12.03
2022-09	133	21	9	6.77
2022-09	133	22	14	10.53
2022-09	133	23	6	4.51
2022-09	133	24	11	8.27
2022-09	133	25	20	15.04
2022-09	133	26	9	6.77
2022-09	133	27	12	9.02
2022-09	133	28	13	9.77
2022-09	133	29	12	9.02
2022-09	133	30	13	9.77
2022-09	133	31	8	6.02
2022-09	133	32	14	10.53
2022-09	133	33	8	6.02
2022-09	133	34	14	10.53
2022-09	133	35	16	12.03
2022-09	133	36	1	0.75
2022-10	172	0	172	100.00
2022-10	172	1	14	8.14
2022-10	172	2	11	6.40
2022-10	172	3	13	7.56
2022-10	172	4	15	8.72
2022-10	172	5	15	8.72
2022-10	172	6	16	9.30
2022-10	172	7	17	9.88
2022-10	172	8	18	10.47
2022-10	172	9	17	9.88
2022-10	172	10	16	9.30
2022-10	172	11	17	9.88
2022-10	172	12	7	4.07
2022-10	172	13	10	5.81
2022-10	172	14	14	8.14
2022-10	172	15	13	7.56
2022-10	172	16	12	6.98
2022-10	172	17	15	8.72
2022-10	172	18	16	9.30
2022-10	172	19	10	5.81
2022-10	172	20	14	8.14
2022-10	172	21	17	9.88
2022-10	172	22	20	11.63
2022-10	172	23	14	8.14
2022-10	172	24	14	8.14
2022-10	172	25	10	5.81
2022-10	172	26	15	8.72
2022-10	172	27	16	9.30
2022-10	172	28	21	12.21
2022-10	172	29	18	10.47
2022-10	172	30	14	8.14
2022-10	172	31	10	5.81
2022-10	172	32	11	6.40
2022-10	172	33	14	8.14
2022-10	172	34	13	7.56
2022-10	172	35	7	4.07
2022-11	136	0	136	100.00
2022-11	136	1	7	5.15
2022-11	136	2	14	10.29
2022-11	136	3	16	11.76
2022-11	136	4	16	11.76
2022-11	136	5	17	12.50
2022-11	136	6	13	9.56
2022-11	136	7	11	8.09
2022-11	136	8	15	11.03
2022-11	136	9	15	11.03
2022-11	136	10	18	13.24
2022-11	136	11	11	8.09
2022-11	136	12	15	11.03
2022-11	136	13	13	9.56
2022-11	136	14	11	8.09
2022-11	136	15	13	9.56
2022-11	136	16	17	12.50
2022-11	136	17	19	13.97
2022-11	136	18	13	9.56
2022-11	136	19	13	9.56
2022-11	136	20	15	11.03
2022-11	136	21	16	11.76
2022-11	136	22	9	6.62
2022-11	136	23	11	8.09
2022-11	136	24	10	7.35
2022-11	136	25	14	10.29
2022-11	136	26	12	8.82
2022-11	136	27	8	5.88
2022-11	136	28	11	8.09
2022-11	136	29	11	8.09
2022-11	136	30	8	5.88
2022-11	136	31	9	6.62
2022-11	136	32	7	5.15
2022-11	136	33	13	9.56
2022-11	136	34	9	6.62
2022-12	144	0	144	100.00
2022-12	144	1	12	8.33
2022-12	144	2	15	10.42
2022-12	144	3	8	5.56
2022-12	144	4	9	6.25
2022-12	144	5	13	9.03
2022-12	144	6	16	11.11
2022-12	144	7	11	7.64
2022-12	144	8	9	6.25
2022-12	144	9	12	8.33
2022-12	144	10	12	8.33
2022-12	144	11	11	7.64
2022-12	144	12	16	11.11
2022-12	144	13	17	11.81
2022-12	144	14	9	6.25
2022-12	144	15	14	9.72
2022-12	144	16	17	11.81
2022-12	144	17	15	10.42
2022-12	144	18	8	5.56
2022-12	144	19	12	8.33
2022-12	144	20	20	13.89
2022-12	144	21	15	10.42
2022-12	144	22	10	6.94
2022-12	144	23	11	7.64
2022-12	144	24	16	11.11
2022-12	144	25	20	13.89
2022-12	144	26	12	8.33
2022-12	144	27	22	15.28
2022-12	144	28	17	11.81
2022-12	144	29	11	7.64
2022-12	144	30	13	9.03
2022-12	144	31	13	9.03
2022-12	144	32	15	10.42
2022-12	144	33	6	4.17
2023-01	179	0	179	100.00
2023-01	179	1	14	7.82
2023-01	179	2	15	8.38
2023-01	179	3	14	7.82
2023-01	179	4	14	7.82
2023-01	179	5	17	9.50
2023-01	179	6	16	8.94
2023-01	179	7	11	6.15
2023-01	179	8	26	14.53
2023-01	179	9	19	10.61
2023-01	179	10	16	8.94
2023-01	179	11	14	7.82
2023-01	179	12	14	7.82
2023-01	179	13	24	13.41
2023-01	179	14	12	6.70
2023-01	179	15	11	6.15
2023-01	179	16	9	5.03
2023-01	179	17	18	10.06
2023-01	179	18	18	10.06
2023-01	179	19	19	10.61
2023-01	179	20	14	7.82
2023-01	179	21	18	10.06
2023-01	179	22	17	9.50
2023-01	179	23	23	12.85
2023-01	179	24	22	12.29
2023-01	179	25	13	7.26
2023-01	179	26	14	7.82
2023-01	179	27	15	8.38
2023-01	179	28	19	10.61
2023-01	179	29	16	8.94
2023-01	179	30	24	13.41
2023-01	179	31	19	10.61
2023-01	179	32	7	3.91
2023-02	158	0	158	100.00
2023-02	158	1	20	12.66
2023-02	158	2	13	8.23
2023-02	158	3	15	9.49
2023-02	158	4	11	6.96
2023-02	158	5	16	10.13
2023-02	158	6	23	14.56
2023-02	158	7	12	7.59
2023-02	158	8	18	11.39
2023-02	158	9	17	10.76
2023-02	158	10	18	11.39
2023-02	158	11	12	7.59
2023-02	158	12	22	13.92
2023-02	158	13	18	11.39
2023-02	158	14	13	8.23
2023-02	158	15	17	10.76
2023-02	158	16	17	10.76
2023-02	158	17	11	6.96
2023-02	158	18	19	12.03
2023-02	158	19	11	6.96
2023-02	158	20	13	8.23
2023-02	158	21	10	6.33
2023-02	158	22	11	6.96
2023-02	158	23	20	12.66
2023-02	158	24	15	9.49
2023-02	158	25	14	8.86
2023-02	158	26	16	10.13
2023-02	158	27	20	12.66
2023-02	158	28	18	11.39
2023-02	158	29	16	10.13
2023-02	158	30	14	8.86
2023-02	158	31	6	3.80
2023-03	169	0	169	100.00
2023-03	169	1	11	6.51
2023-03	169	2	17	10.06
2023-03	169	3	11	6.51
2023-03	169	4	20	11.83
2023-03	169	5	20	11.83
2023-03	169	6	21	12.43
2023-03	169	7	14	8.28
2023-03	169	8	18	10.65
2023-03	169	9	20	11.83
2023-03	169	10	16	9.47
2023-03	169	11	12	7.10
2023-03	169	12	19	11.24
2023-03	169	13	15	8.88
2023-03	169	14	13	7.69
2023-03	169	15	13	7.69
2023-03	169	16	16	9.47
2023-03	169	17	16	9.47
2023-03	169	18	18	10.65
2023-03	169	19	16	9.47
2023-03	169	20	15	8.88
2023-03	169	21	15	8.88
2023-03	169	22	19	11.24
2023-03	169	23	17	10.06
2023-03	169	24	27	15.98
2023-03	169	25	14	8.28
2023-03	169	26	20	11.83
2023-03	169	27	14	8.28
2023-03	169	28	20	11.83
2023-03	169	29	14	8.28
2023-03	169	30	6	3.55
2023-04	170	0	170	100.00
2023-04	170	1	18	10.59
2023-04	170	2	21	12.35
2023-04	170	3	18	10.59
2023-04	170	4	16	9.41
2023-04	170	5	12	7.06
2023-04	170	6	27	15.88
2023-04	170	7	23	13.53
2023-04	170	8	13	7.65
2023-04	170	9	26	15.29
2023-04	170	10	12	7.06
2023-04	170	11	26	15.29
2023-04	170	12	26	15.29
2023-04	170	13	19	11.18
2023-04	170	14	17	10.00
2023-04	170	15	25	14.71
2023-04	170	16	21	12.35
2023-04	170	17	13	7.65
2023-04	170	18	18	10.59
2023-04	170	19	16	9.41
2023-04	170	20	19	11.18
2023-04	170	21	22	12.94
2023-04	170	22	17	10.00
2023-04	170	23	17	10.00
2023-04	170	24	17	10.00
2023-04	170	25	19	11.18
2023-04	170	26	12	7.06
2023-04	170	27	18	10.59
2023-04	170	28	13	7.65
2023-04	170	29	9	5.29
2023-05	163	0	163	100.00
2023-05	163	1	24	14.72
2023-05	163	2	14	8.59
2023-05	163	3	16	9.82
2023-05	163	4	16	9.82
2023-05	163	5	11	6.75
2023-05	163	6	23	14.11
2023-05	163	7	18	11.04
2023-05	163	8	12	7.36
2023-05	163	9	15	9.20
2023-05	163	10	12	7.36
2023-05	163	11	16	9.82
2023-05	163	12	18	11.04
2023-05	163	13	14	8.59
2023-05	163	14	17	10.43
2023-05	163	15	18	11.04
2023-05	163	16	15	9.20
2023-05	163	17	14	8.59
2023-05	163	18	20	12.27
2023-05	163	19	18	11.04
2023-05	163	20	11	6.75
2023-05	163	21	17	10.43
2023-05	163	22	21	12.88
2023-05	163	23	17	10.43
2023-05	163	24	16	9.82
2023-05	163	25	17	10.43
2023-05	163	26	16	9.82
2023-05	163	27	17	10.43
2023-05	163	28	6	3.68
2023-06	170	0	170	100.00
2023-06	170	1	18	10.59
2023-06	170	2	18	10.59
2023-06	170	3	17	10.00
2023-06	170	4	23	13.53
2023-06	170	5	21	12.35
2023-06	170	6	14	8.24
2023-06	170	7	18	10.59
2023-06	170	8	20	11.76
2023-06	170	9	19	11.18
2023-06	170	10	16	9.41
2023-06	170	11	16	9.41
2023-06	170	12	15	8.82
2023-06	170	13	16	9.41
2023-06	170	14	27	15.88
2023-06	170	15	24	14.12
2023-06	170	16	23	13.53
2023-06	170	17	24	14.12
2023-06	170	18	22	12.94
2023-06	170	19	22	12.94
2023-06	170	20	22	12.94
2023-06	170	21	18	10.59
2023-06	170	22	17	10.00
2023-06	170	23	23	13.53
2023-06	170	24	18	10.59
2023-06	170	25	17	10.00
2023-06	170	26	18	10.59
2023-06	170	27	3	1.76
2023-07	201	0	201	100.00
2023-07	201	1	25	12.44
2023-07	201	2	26	12.94
2023-07	201	3	17	8.46
2023-07	201	4	27	13.43
2023-07	201	5	26	12.94
2023-07	201	6	20	9.95
2023-07	201	7	15	7.46
2023-07	201	8	22	10.95
2023-07	201	9	21	10.45
2023-07	201	10	26	12.94
2023-07	201	11	14	6.97
2023-07	201	12	17	8.46
2023-07	201	13	24	11.94
2023-07	201	14	17	8.46
2023-07	201	15	18	8.96
2023-07	201	16	21	10.45
2023-07	201	17	19	9.45
2023-07	201	18	26	12.94
2023-07	201	19	17	8.46
2023-07	201	20	22	10.95
2023-07	201	21	9	4.48
2023-07	201	22	18	8.96
2023-07	201	23	23	11.44
2023-07	201	24	19	9.45
2023-07	201	25	22	10.95
2023-07	201	26	10	4.98
2023-08	199	0	199	100.00
2023-08	199	1	24	12.06
2023-08	199	2	22	11.06
2023-08	199	3	27	13.57
2023-08	199	4	34	17.09
2023-08	199	5	20	10.05
2023-08	199	6	15	7.54
2023-08	199	7	20	10.05
2023-08	199	8	19	9.55
2023-08	199	9	30	15.08
2023-08	199	10	28	14.07
2023-08	199	11	22	11.06
2023-08	199	12	16	8.04
2023-08	199	13	21	10.55
2023-08	199	14	23	11.56
2023-08	199	15	26	13.07
2023-08	199	16	20	10.05
2023-08	199	17	18	9.05
2023-08	199	18	25	12.56
2023-08	199	19	28	14.07
2023-08	199	20	24	12.06
2023-08	199	21	29	14.57
2023-08	199	22	27	13.57
2023-08	199	23	28	14.07
2023-08	199	24	17	8.54
2023-08	199	25	12	6.03
2023-09	204	0	204	100.00
2023-09	204	1	23	11.27
2023-09	204	2	23	11.27
2023-09	204	3	31	15.20
2023-09	204	4	18	8.82
2023-09	204	5	22	10.78
2023-09	204	6	25	12.25
2023-09	204	7	14	6.86
2023-09	204	8	19	9.31
2023-09	204	9	25	12.25
2023-09	204	10	27	13.24
2023-09	204	11	20	9.80
2023-09	204	12	26	12.75
2023-09	204	13	24	11.76
2023-09	204	14	19	9.31
2023-09	204	15	20	9.80
2023-09	204	16	25	12.25
2023-09	204	17	16	7.84
2023-09	204	18	26	12.75
2023-09	204	19	31	15.20
2023-09	204	20	26	12.75
2023-09	204	21	23	11.27
2023-09	204	22	25	12.25
2023-09	204	23	20	9.80
2023-09	204	24	12	5.88
2023-10	238	0	238	100.00
2023-10	238	1	29	12.18
2023-10	238	2	29	12.18
2023-10	238	3	36	15.13
2023-10	238	4	22	9.24
2023-10	238	5	26	10.92
2023-10	238	6	25	10.50
2023-10	238	7	31	13.03
2023-10	238	8	31	13.03
2023-10	238	9	39	16.39
2023-10	238	10	30	12.61
2023-10	238	11	31	13.03
2023-10	238	12	31	13.03
2023-10	238	13	26	10.92
2023-10	238	14	31	13.03
2023-10	238	15	34	14.29
2023-10	238	16	25	10.50
2023-10	238	17	36	15.13
2023-10	238	18	23	9.66
2023-10	238	19	26	10.92
2023-10	238	20	31	13.03
2023-10	238	21	32	13.45
2023-10	238	22	33	13.87
2023-10	238	23	8	3.36
2023-11	201	0	201	100.00
2023-11	201	1	25	12.44
2023-11	201	2	22	10.95
2023-11	201	3	19	9.45
2023-11	201	4	28	13.93
2023-11	201	5	25	12.44
2023-11	201	6	23	11.44
2023-11	201	7	22	10.95
2023-11	201	8	21	10.45
2023-11	201	9	35	17.41
2023-11	201	10	23	11.44
2023-11	201	11	22	10.95
2023-11	201	12	21	10.45
2023-11	201	13	35	17.41
2023-11	201	14	26	12.94
2023-11	201	15	23	11.44
2023-11	201	16	26	12.94
2023-11	201	17	15	7.46
2023-11	201	18	27	13.43
2023-11	201	19	28	13.93
2023-11	201	20	17	8.46
2023-11	201	21	24	11.94
2023-11	201	22	15	7.46
2023-12	202	0	202	100.00
2023-12	202	1	29	14.36
2023-12	202	2	20	9.90
2023-12	202	3	31	15.35
2023-12	202	4	20	9.90
2023-12	202	5	24	11.88
2023-12	202	6	25	12.38
2023-12	202	7	27	13.37
2023-12	202	8	24	11.88
2023-12	202	9	23	11.39
2023-12	202	10	27	13.37
2023-12	202	11	28	13.86
2023-12	202	12	32	15.84
2023-12	202	13	23	11.39
2023-12	202	14	24	11.88
2023-12	202	15	30	14.85
2023-12	202	16	31	15.35
2023-12	202	17	27	13.37
2023-12	202	18	25	12.38
2023-12	202	19	23	11.39
2023-12	202	20	24	11.88
2023-12	202	21	12	5.94
2024-01	229	0	229	100.00
2024-01	229	1	29	12.66
2024-01	229	2	22	9.61
2024-01	229	3	40	17.47
2024-01	229	4	32	13.97
2024-01	229	5	29	12.66
2024-01	229	6	41	17.90
2024-01	229	7	32	13.97
2024-01	229	8	25	10.92
2024-01	229	9	27	11.79
2024-01	229	10	24	10.48
2024-01	229	11	30	13.10
2024-01	229	12	36	15.72
2024-01	229	13	30	13.10
2024-01	229	14	49	21.40
2024-01	229	15	29	12.66
2024-01	229	16	36	15.72
2024-01	229	17	32	13.97
2024-01	229	18	25	10.92
2024-01	229	19	26	11.35
2024-01	229	20	5	2.18
2024-02	203	0	203	100.00
2024-02	203	1	19	9.36
2024-02	203	2	17	8.37
2024-02	203	3	23	11.33
2024-02	203	4	33	16.26
2024-02	203	5	30	14.78
2024-02	203	6	29	14.29
2024-02	203	7	20	9.85
2024-02	203	8	26	12.81
2024-02	203	9	19	9.36
2024-02	203	10	32	15.76
2024-02	203	11	33	16.26
2024-02	203	12	17	8.37
2024-02	203	13	35	17.24
2024-02	203	14	20	9.85
2024-02	203	15	23	11.33
2024-02	203	16	28	13.79
2024-02	203	17	31	15.27
2024-02	203	18	28	13.79
2024-02	203	19	13	6.40
2024-03	225	0	225	100.00
2024-03	225	1	37	16.44
2024-03	225	2	30	13.33
2024-03	225	3	33	14.67
2024-03	225	4	27	12.00
2024-03	225	5	40	17.78
2024-03	225	6	30	13.33
2024-03	225	7	31	13.78
2024-03	225	8	27	12.00
2024-03	225	9	33	14.67
2024-03	225	10	27	12.00
2024-03	225	11	29	12.89
2024-03	225	12	37	16.44
2024-03	225	13	23	10.22
2024-03	225	14	39	17.33
2024-03	225	15	30	13.33
2024-03	225	16	35	15.56
2024-03	225	17	33	14.67
2024-03	225	18	16	7.11
2024-04	225	0	225	100.00
2024-04	225	1	35	15.56
2024-04	225	2	34	15.11
2024-04	225	3	36	16.00
2024-04	225	4	32	14.22
2024-04	225	5	27	12.00
2024-04	225	6	38	16.89
2024-04	225	7	36	16.00
2024-04	225	8	29	12.89
2024-04	225	9	37	16.44
2024-04	225	10	25	11.11
2024-04	225	11	42	18.67
2024-04	225	12	26	11.56
2024-04	225	13	44	19.56
2024-04	225	14	38	16.89
2024-04	225	15	39	17.33
2024-04	225	16	39	17.33
2024-04	225	17	17	7.56
2024-05	238	0	238	100.00
2024-05	238	1	33	13.87
2024-05	238	2	34	14.29
2024-05	238	3	30	12.61
2024-05	238	4	50	21.01
2024-05	238	5	43	18.07
2024-05	238	6	37	15.55
2024-05	238	7	30	12.61
2024-05	238	8	29	12.18
2024-05	238	9	35	14.71
2024-05	238	10	29	12.18
2024-05	238	11	36	15.13
2024-05	238	12	43	18.07
2024-05	238	13	38	15.97
2024-05	238	14	43	18.07
2024-05	238	15	42	17.65
2024-05	238	16	19	7.98
2024-06	239	0	239	100.00
2024-06	239	1	40	16.74
2024-06	239	2	36	15.06
2024-06	239	3	38	15.90
2024-06	239	4	41	17.15
2024-06	239	5	42	17.57
2024-06	239	6	41	17.15
2024-06	239	7	44	18.41
2024-06	239	8	27	11.30
2024-06	239	9	31	12.97
2024-06	239	10	35	14.64
2024-06	239	11	36	15.06
2024-06	239	12	30	12.55
2024-06	239	13	45	18.83
2024-06	239	14	46	19.25
2024-06	239	15	13	5.44
2024-07	263	0	263	100.00
2024-07	263	1	44	16.73
2024-07	263	2	52	19.77
2024-07	263	3	54	20.53
2024-07	263	4	44	16.73
2024-07	263	5	54	20.53
2024-07	263	6	46	17.49
2024-07	263	7	38	14.45
2024-07	263	8	55	20.91
2024-07	263	9	47	17.87
2024-07	263	10	50	19.01
2024-07	263	11	46	17.49
2024-07	263	12	39	14.83
2024-07	263	13	46	17.49
2024-07	263	14	13	4.94
2024-08	267	0	267	100.00
2024-08	267	1	49	18.35
2024-08	267	2	43	16.10
2024-08	267	3	41	15.36
2024-08	267	4	47	17.60
2024-08	267	5	45	16.85
2024-08	267	6	32	11.99
2024-08	267	7	54	20.22
2024-08	267	8	39	14.61
2024-08	267	9	45	16.85
2024-08	267	10	36	13.48
2024-08	267	11	46	17.23
2024-08	267	12	34	12.73
2024-08	267	13	20	7.49
2024-09	258	0	258	100.00
2024-09	258	1	42	16.28
2024-09	258	2	41	15.89
2024-09	258	3	38	14.73
2024-09	258	4	51	19.77
2024-09	258	5	33	12.79
2024-09	258	6	45	17.44
2024-09	258	7	37	14.34
2024-09	258	8	42	16.28
2024-09	258	9	41	15.89
2024-09	258	10	50	19.38
2024-09	258	11	38	14.73
2024-09	258	12	18	6.98
2024-10	279	0	279	100.00
2024-10	279	1	50	17.92
2024-10	279	2	57	20.43
2024-10	279	3	55	19.71
2024-10	279	4	47	16.85
2024-10	279	5	58	20.79
2024-10	279	6	45	16.13
2024-10	279	7	57	20.43
2024-10	279	8	50	17.92
2024-10	279	9	54	19.35
2024-10	279	10	51	18.28
2024-10	279	11	13	4.66
2024-11	273	0	273	100.00
2024-11	273	1	72	26.37
2024-11	273	2	62	22.71
2024-11	273	3	62	22.71
2024-11	273	4	51	18.68
2024-11	273	5	67	24.54
2024-11	273	6	62	22.71
2024-11	273	7	53	19.41
2024-11	273	8	54	19.78
2024-11	273	9	61	22.34
2024-11	273	10	29	10.62
2024-12	318	0	318	100.00
2024-12	318	1	80	25.16
2024-12	318	2	58	18.24
2024-12	318	3	81	25.47
2024-12	318	4	74	23.27
2024-12	318	5	70	22.01
2024-12	318	6	68	21.38
2024-12	318	7	88	27.67
2024-12	318	8	62	19.50
2024-12	318	9	45	14.15
2025-01	280	0	280	100.00
2025-01	280	1	74	26.43
2025-01	280	2	72	25.71
2025-01	280	3	67	23.93
2025-01	280	4	60	21.43
2025-01	280	5	70	25.00
2025-01	280	6	82	29.29
2025-01	280	7	60	21.43
2025-01	280	8	35	12.50
2025-02	269	0	269	100.00
2025-02	269	1	65	24.16
2025-02	269	2	66	24.54
2025-02	269	3	65	24.16
2025-02	269	4	82	30.48
2025-02	269	5	78	29.00
2025-02	269	6	74	27.51
2025-02	269	7	27	10.04
2025-03	303	0	303	100.00
2025-03	303	1	82	27.06
2025-03	303	2	86	28.38
2025-03	303	3	91	30.03
2025-03	303	4	91	30.03
2025-03	303	5	95	31.35
2025-03	303	6	45	14.85
2025-04	294	0	294	100.00
2025-04	294	1	108	36.73
2025-04	294	2	95	32.31
2025-04	294	3	91	30.95
2025-04	294	4	103	35.03
2025-04	294	5	41	13.95
2025-05	272	0	272	100.00
2025-05	272	1	113	41.54
2025-05	272	2	110	40.44
2025-05	272	3	115	42.28
2025-05	272	4	57	20.96
2025-06	311	0	311	100.00
2025-06	311	1	137	44.05
2025-06	311	2	138	44.37
2025-06	311	3	79	25.40
2025-07	340	0	340	100.00
2025-07	340	1	184	54.12
2025-07	340	2	104	30.59
2025-08	376	0	376	100.00
2025-08	376	1	175	46.54
2025-09	167	0	167	100.00
cohort_month	months_after_first_order	active_customers	total_revenue	avg_revenue_per_customer	cumulative_revenue
2021-09	0	3	2602.43	867.476667	2602.43
2021-09	3	2	889.52	444.760000	3491.95
2021-09	4	1	1095.74	1095.740000	4587.69
2021-09	9	1	1656.89	1656.890000	6244.58
2021-09	13	1	1080.18	1080.180000	7324.76
2021-09	22	1	6294.25	6294.250000	13619.01
2021-09	34	1	509.66	509.660000	14128.67
2021-09	36	1	223.52	223.520000	14352.19
2021-09	40	1	3482.61	3482.610000	17834.80
2021-09	41	1	161.57	161.570000	17996.37
2021-09	43	1	483.56	483.560000	18479.93
2021-09	47	2	2335.87	1167.935000	20815.80
2021-10	0	18	15363.36	853.520000	15363.36
2021-10	1	3	2555.40	851.800000	17918.76
2021-10	2	1	2625.43	2625.430000	20544.19
2021-10	3	2	214.24	107.120000	20758.43
2021-10	4	2	1455.95	727.975000	22214.38
2021-10	6	2	5832.54	2916.270000	28046.92
2021-10	7	4	4530.38	1132.595000	32577.30
2021-10	9	1	211.86	211.860000	32789.16
2021-10	10	2	2587.46	1293.730000	35376.62
2021-10	11	2	1043.36	521.680000	36419.98
2021-10	12	4	8027.68	2006.920000	44447.66
2021-10	13	1	438.07	438.070000	44885.73
2021-10	14	2	3152.64	1576.320000	48038.37
2021-10	15	2	2676.20	1338.100000	50714.57
2021-10	16	1	843.87	843.870000	51558.44
2021-10	18	1	492.08	492.080000	52050.52
2021-10	19	1	110.36	110.360000	52160.88
2021-10	21	2	1455.84	727.920000	53616.72
2021-10	24	1	319.96	319.960000	53936.68
2021-10	25	3	3800.05	1266.683333	57736.73
2021-10	26	2	1378.17	689.085000	59114.90
2021-10	27	2	5374.71	2687.355000	64489.61
2021-10	28	2	2300.09	1150.045000	66789.70
2021-10	29	2	224.87	112.435000	67014.57
2021-10	30	1	98.27	98.270000	67112.84
2021-10	31	2	2325.11	1162.555000	69437.95
2021-10	32	3	1724.53	574.843333	71162.48
2021-10	33	1	367.18	367.180000	71529.66
2021-10	35	1	713.84	713.840000	72243.50
2021-10	37	2	941.00	470.500000	73184.50
2021-10	38	3	3367.08	1122.360000	76551.58
2021-10	39	1	135.09	135.090000	76686.67
2021-10	40	1	913.83	913.830000	77600.50
2021-10	41	1	1517.02	1517.020000	79117.52
2021-10	42	2	912.94	456.470000	80030.46
2021-10	43	1	2279.77	2279.770000	82310.23
2021-10	44	3	2401.90	800.633333	84712.13
2021-10	45	1	355.58	355.580000	85067.71
2021-10	46	5	3221.82	644.364000	88289.53
2021-10	47	1	454.74	454.740000	88744.27
2021-11	0	41	37037.93	903.364146	37037.93
2021-11	1	4	7604.00	1901.000000	44641.93
2021-11	2	6	5520.12	920.020000	50162.05
2021-11	3	3	1343.62	447.873333	51505.67
2021-11	4	7	12612.18	1801.740000	64117.85
2021-11	5	5	3761.89	752.378000	67879.74
2021-11	6	2	1309.90	654.950000	69189.64
2021-11	7	6	1841.98	306.996667	71031.62
2021-11	8	3	4250.06	1416.686667	75281.68
2021-11	9	3	4864.31	1621.436667	80145.99
2021-11	10	1	3871.77	3871.770000	84017.76
2021-11	11	4	9276.42	2319.105000	93294.18
2021-11	12	1	1187.76	1187.760000	94481.94
2021-11	13	2	670.68	335.340000	95152.62
2021-11	14	4	727.94	181.985000	95880.56
2021-11	15	4	2440.13	610.032500	98320.69
2021-11	16	2	1722.22	861.110000	100042.91
2021-11	17	4	3122.80	780.700000	103165.71
2021-11	18	6	3277.34	546.223333	106443.05
2021-11	20	3	1009.82	336.606667	107452.87
2021-11	21	2	1415.25	707.625000	108868.12
2021-11	22	2	1268.15	634.075000	110136.27
2021-11	23	7	5395.82	770.831429	115532.09
2021-11	24	1	515.38	515.380000	116047.47
2021-11	25	2	1296.22	648.110000	117343.69
2021-11	26	3	3678.67	1226.223333	121022.36
2021-11	27	3	1830.56	610.186667	122852.92
2021-11	28	5	3236.75	647.350000	126089.67
2021-11	29	3	3972.78	1324.260000	130062.45
2021-11	30	4	4941.28	1235.320000	135003.73
2021-11	31	9	14175.64	1575.071111	149179.37
2021-11	32	4	2569.59	642.397500	151748.96
2021-11	33	5	5917.22	1183.444000	157666.18
2021-11	34	5	3920.82	784.164000	161587.00
2021-11	35	2	932.95	466.475000	162519.95
2021-11	36	3	8337.50	2779.166667	170857.45
2021-11	37	4	3803.65	950.912500	174661.10
2021-11	38	4	7834.04	1958.510000	182495.14
2021-11	39	5	6444.80	1288.960000	188939.94
2021-11	40	2	473.20	236.600000	189413.14
2021-11	41	3	3333.98	1111.326667	192747.12
2021-11	42	5	7038.80	1407.760000	199785.92
2021-11	43	2	156.86	78.430000	199942.78
2021-11	44	4	1989.80	497.450000	201932.58
2021-11	45	2	427.51	213.755000	202360.09
2021-11	46	2	2396.44	1198.220000	204756.53
2021-12	0	41	44709.10	1090.465854	44709.10
2021-12	1	3	1554.79	518.263333	46263.89
2021-12	2	3	1120.72	373.573333	47384.61
2021-12	3	3	2150.76	716.920000	49535.37
2021-12	4	2	4456.21	2228.105000	53991.58
2021-12	5	2	965.61	482.805000	54957.19
2021-12	6	8	5373.12	671.640000	60330.31
2021-12	7	9	11053.74	1228.193333	71384.05
2021-12	8	3	1017.61	339.203333	72401.66
2021-12	9	2	681.40	340.700000	73083.06
2021-12	10	2	3348.75	1674.375000	76431.81
2021-12	11	3	5989.10	1996.366667	82420.91
2021-12	12	5	3290.85	658.170000	85711.76
2021-12	13	2	545.30	272.650000	86257.06
2021-12	14	3	993.24	331.080000	87250.30
2021-12	15	2	8239.43	4119.715000	95489.73
2021-12	16	5	2929.37	585.874000	98419.10
2021-12	17	3	2402.68	800.893333	100821.78
2021-12	18	1	220.97	220.970000	101042.75
2021-12	19	5	2867.75	573.550000	103910.50
2021-12	20	1	669.09	669.090000	104579.59
2021-12	21	5	7688.62	1537.724000	112268.21
2021-12	22	2	4017.06	2008.530000	116285.27
2021-12	23	1	185.25	185.250000	116470.52
2021-12	24	2	2953.81	1476.905000	119424.33
2021-12	25	3	1917.01	639.003333	121341.34
2021-12	26	7	7959.21	1137.030000	129300.55
2021-12	27	2	254.26	127.130000	129554.81
2021-12	28	2	3457.92	1728.960000	133012.73
2021-12	29	4	964.09	241.022500	133976.82
2021-12	30	3	1565.83	521.943333	135542.65
2021-12	31	2	5860.79	2930.395000	141403.44
2021-12	32	3	6260.09	2086.696667	147663.53
2021-12	33	2	4621.64	2310.820000	152285.17
2021-12	34	5	4108.83	821.766000	156394.00
2021-12	35	3	1971.10	657.033333	158365.10
2021-12	36	3	861.63	287.210000	159226.73
2021-12	37	4	438.92	109.730000	159665.65
2021-12	38	4	5338.79	1334.697500	165004.44
2021-12	39	5	7161.01	1432.202000	172165.45
2021-12	40	3	4077.66	1359.220000	176243.11
2021-12	41	7	10170.54	1452.934286	186413.65
2021-12	42	1	577.33	577.330000	186990.98
2021-12	43	1	48.87	48.870000	187039.85
2021-12	44	7	4259.30	608.471429	191299.15
2022-01	0	55	79850.00	1451.818182	79850.00
2022-01	1	4	3762.13	940.532500	83612.13
2022-01	2	3	940.51	313.503333	84552.64
2022-01	3	7	5665.65	809.378571	90218.29
2022-01	4	5	2449.15	489.830000	92667.44
2022-01	5	6	3750.01	625.001667	96417.45
2022-01	6	5	3006.19	601.238000	99423.64
2022-01	7	1	2244.70	2244.700000	101668.34
2022-01	8	5	8232.17	1646.434000	109900.51
2022-01	9	10	7565.00	756.500000	117465.51
2022-01	10	9	7033.15	781.461111	124498.66
2022-01	11	7	3964.07	566.295714	128462.73
2022-01	12	6	6195.58	1032.596667	134658.31
2022-01	13	3	2166.57	722.190000	136824.88
2022-01	14	5	5832.77	1166.554000	142657.65
2022-01	15	7	3618.83	516.975714	146276.48
2022-01	16	5	6308.23	1261.646000	152584.71
2022-01	17	4	6418.93	1604.732500	159003.64
2022-01	18	6	4193.16	698.860000	163196.80
2022-01	19	6	6062.16	1010.360000	169258.96
2022-01	20	11	8965.49	815.044545	178224.45
2022-01	21	7	5671.81	810.258571	183896.26
2022-01	22	6	5456.46	909.410000	189352.72
2022-01	23	7	7105.80	1015.114286	196458.52
2022-01	24	6	5581.58	930.263333	202040.10
2022-01	25	5	3003.23	600.646000	205043.33
2022-01	26	6	6616.83	1102.805000	211660.16
2022-01	27	5	4916.21	983.242000	216576.37
2022-01	28	1	599.40	599.400000	217175.77
2022-01	29	3	1599.23	533.076667	218775.00
2022-01	30	3	1155.58	385.193333	219930.58
2022-01	31	4	2293.01	573.252500	222223.59
2022-01	32	6	6140.99	1023.498333	228364.58
2022-01	33	5	2255.30	451.060000	230619.88
2022-01	34	6	7302.44	1217.073333	237922.32
2022-01	35	5	4887.46	977.492000	242809.78
2022-01	36	7	7547.74	1078.248571	250357.52
2022-01	37	3	1105.83	368.610000	251463.35
2022-01	38	4	7337.72	1834.430000	258801.07
2022-01	39	1	1692.00	1692.000000	260493.07
2022-01	40	7	6992.21	998.887143	267485.28
2022-01	41	6	6672.19	1112.031667	274157.47
2022-01	42	4	2582.53	645.632500	276740.00
2022-01	43	5	9701.47	1940.294000	286441.47
2022-01	44	1	615.90	615.900000	287057.37
2022-02	0	65	59311.42	912.483385	59311.42
2022-02	1	8	8251.06	1031.382500	67562.48
2022-02	2	5	6512.79	1302.558000	74075.27
2022-02	3	9	7232.75	803.638889	81308.02
2022-02	4	7	3397.26	485.322857	84705.28
2022-02	5	5	3960.41	792.082000	88665.69
2022-02	6	6	2752.15	458.691667	91417.84
2022-02	7	5	3832.19	766.438000	95250.03
2022-02	8	7	4794.83	684.975714	100044.86
2022-02	9	8	3854.91	481.863750	103899.77
2022-02	10	7	9152.94	1307.562857	113052.71
2022-02	11	7	5203.69	743.384286	118256.40
2022-02	12	6	8039.12	1339.853333	126295.52
2022-02	13	2	2471.97	1235.985000	128767.49
2022-02	14	6	2296.27	382.711667	131063.76
2022-02	15	6	2041.66	340.276667	133105.42
2022-02	16	7	15214.67	2173.524286	148320.09
2022-02	17	7	11276.46	1610.922857	159596.55
2022-02	18	3	475.05	158.350000	160071.60
2022-02	19	5	7009.91	1401.982000	167081.51
2022-02	20	3	3772.41	1257.470000	170853.92
2022-02	21	6	3526.19	587.698333	174380.11
2022-02	22	6	5549.04	924.840000	179929.15
2022-02	23	4	3343.46	835.865000	183272.61
2022-02	24	5	6828.23	1365.646000	190100.84
2022-02	25	6	7214.86	1202.476667	197315.70
2022-02	26	2	1181.52	590.760000	198497.22
2022-02	27	13	13050.51	1003.885385	211547.73
2022-02	28	6	6160.23	1026.705000	217707.96
2022-02	29	3	2143.08	714.360000	219851.04
2022-02	30	9	7163.88	795.986667	227014.92
2022-02	31	5	2806.45	561.290000	229821.37
2022-02	32	9	5399.10	599.900000	235220.47
2022-02	33	7	6697.50	956.785714	241917.97
2022-02	34	4	7251.83	1812.957500	249169.80
2022-02	35	4	3779.25	944.812500	252949.05
2022-02	36	2	494.69	247.345000	253443.74
2022-02	37	4	6249.33	1562.332500	259693.07
2022-02	38	5	2856.19	571.238000	262549.26
2022-02	39	6	3138.36	523.060000	265687.62
2022-02	40	6	11158.14	1859.690000	276845.76
2022-02	41	6	4917.40	819.566667	281763.16
2022-02	42	12	12709.54	1059.128333	294472.70
2022-02	43	7	12536.08	1790.868571	307008.78
2022-03	0	88	81022.03	920.704886	81022.03
2022-03	1	10	13253.97	1325.397000	94276.00
2022-03	2	3	1450.75	483.583333	95726.75
2022-03	3	8	3703.01	462.876250	99429.76
2022-03	4	7	5119.90	731.414286	104549.66
2022-03	5	7	11050.00	1578.571429	115599.66
2022-03	6	10	6098.75	609.875000	121698.41
2022-03	7	9	7332.51	814.723333	129030.92
2022-03	8	1	229.09	229.090000	129260.01
2022-03	9	10	4380.01	438.001000	133640.02
2022-03	10	10	10014.34	1001.434000	143654.36
2022-03	11	7	5723.13	817.590000	149377.49
2022-03	12	8	9518.09	1189.761250	158895.58
2022-03	13	12	8875.54	739.628333	167771.12
2022-03	14	5	6356.70	1271.340000	174127.82
2022-03	15	15	11070.59	738.039333	185198.41
2022-03	16	7	11723.54	1674.791429	196921.95
2022-03	17	7	5014.54	716.362857	201936.49
2022-03	18	4	2187.85	546.962500	204124.34
2022-03	19	12	10711.80	892.650000	214836.14
2022-03	20	7	8128.99	1161.284286	222965.13
2022-03	21	9	8021.59	891.287778	230986.72
2022-03	22	9	6534.45	726.050000	237521.17
2022-03	23	7	2702.62	386.088571	240223.79
2022-03	24	4	5653.22	1413.305000	245877.01
2022-03	25	8	10888.17	1361.021250	256765.18
2022-03	26	9	9140.19	1015.576667	265905.37
2022-03	27	8	7154.50	894.312500	273059.87
2022-03	28	9	6037.21	670.801111	279097.08
2022-03	29	7	7352.62	1050.374286	286449.70
2022-03	30	7	6520.81	931.544286	292970.51
2022-03	31	5	6007.91	1201.582000	298978.42
2022-03	32	7	10128.16	1446.880000	309106.58
2022-03	33	10	8761.25	876.125000	317867.83
2022-03	34	6	6179.47	1029.911667	324047.30
2022-03	35	10	7659.25	765.925000	331706.55
2022-03	36	9	10028.64	1114.293333	341735.19
2022-03	37	10	10607.34	1060.734000	352342.53
2022-03	38	6	5980.12	996.686667	358322.65
2022-03	39	9	10208.36	1134.262222	368531.01
2022-03	40	1	792.42	792.420000	369323.43
2022-03	41	8	10744.65	1343.081250	380068.08
2022-03	42	4	3643.52	910.880000	383711.60
2022-04	0	72	71736.27	996.337083	71736.27
2022-04	1	5	3130.72	626.144000	74866.99
2022-04	2	4	1436.69	359.172500	76303.68
2022-04	3	5	4393.40	878.680000	80697.08
2022-04	4	2	151.26	75.630000	80848.34
2022-04	5	4	4158.38	1039.595000	85006.72
2022-04	6	11	10454.83	950.439091	95461.55
2022-04	7	8	5979.06	747.382500	101440.61
2022-04	8	13	12677.89	975.222308	114118.50
2022-04	9	1	856.09	856.090000	114974.59
2022-04	10	7	5448.99	778.427143	120423.58
2022-04	11	4	7946.93	1986.732500	128370.51
2022-04	12	7	3282.41	468.915714	131652.92
2022-04	13	9	5191.83	576.870000	136844.75
2022-04	14	4	1992.68	498.170000	138837.43
2022-04	15	4	1248.11	312.027500	140085.54
2022-04	16	6	2223.80	370.633333	142309.34
2022-04	17	5	3134.51	626.902000	145443.85
2022-04	18	6	4686.30	781.050000	150130.15
2022-04	19	6	10164.64	1694.106667	160294.79
2022-04	20	8	3775.47	471.933750	164070.26
2022-04	21	8	6116.04	764.505000	170186.30
2022-04	22	6	3316.74	552.790000	173503.04
2022-04	23	9	9534.46	1059.384444	183037.50
2022-04	24	4	5221.95	1305.487500	188259.45
2022-04	25	5	2285.28	457.056000	190544.73
2022-04	26	8	12372.41	1546.551250	202917.14
2022-04	27	12	10025.68	835.473333	212942.82
2022-04	28	8	6189.05	773.631250	219131.87
2022-04	29	5	4369.93	873.986000	223501.80
2022-04	30	9	10075.38	1119.486667	233577.18
2022-04	31	6	3049.60	508.266667	236626.78
2022-04	32	3	4364.70	1454.900000	240991.48
2022-04	33	5	3475.09	695.018000	244466.57
2022-04	34	11	19589.03	1780.820909	264055.60
2022-04	35	9	12539.58	1393.286667	276595.18
2022-04	36	10	14707.06	1470.706000	291302.24
2022-04	37	8	6007.33	750.916250	297309.57
2022-04	38	5	7964.69	1592.938000	305274.26
2022-04	39	6	2702.67	450.445000	307976.93
2022-04	40	4	2767.92	691.980000	310744.85
2022-04	41	5	3943.75	788.750000	314688.60
2022-05	0	108	110732.88	1025.304444	110732.88
2022-05	1	6	4803.75	800.625000	115536.63
2022-05	2	10	12157.46	1215.746000	127694.09
2022-05	3	10	8020.54	802.054000	135714.63
2022-05	4	8	17564.93	2195.616250	153279.56
2022-05	5	8	7219.03	902.378750	160498.59
2022-05	6	9	7723.66	858.184444	168222.25
2022-05	7	9	11851.45	1316.827778	180073.70
2022-05	8	12	14311.32	1192.610000	194385.02
2022-05	9	10	11931.03	1193.103000	206316.05
2022-05	10	10	4526.60	452.660000	210842.65
2022-05	11	3	2628.79	876.263333	213471.44
2022-05	12	10	11024.33	1102.433000	224495.77
2022-05	13	12	5165.63	430.469167	229661.40
2022-05	14	8	8168.38	1021.047500	237829.78
2022-05	15	11	9047.56	822.505455	246877.34
2022-05	16	12	11688.61	974.050833	258565.95
2022-05	17	12	7205.37	600.447500	265771.32
2022-05	18	14	16002.45	1143.032143	281773.77
2022-05	19	10	12662.38	1266.238000	294436.15
2022-05	20	7	8600.57	1228.652857	303036.72
2022-05	21	5	3453.19	690.638000	306489.91
2022-05	22	5	10517.86	2103.572000	317007.77
2022-05	23	17	19981.67	1175.392353	336989.44
2022-05	24	10	13701.94	1370.194000	350691.38
2022-05	25	10	12073.66	1207.366000	362765.04
2022-05	26	6	3056.90	509.483333	365821.94
2022-05	27	11	10065.80	915.072727	375887.74
2022-05	28	11	8243.42	749.401818	384131.16
2022-05	29	10	10336.51	1033.651000	394467.67
2022-05	30	7	10872.84	1553.262857	405340.51
2022-05	31	18	13159.94	731.107778	418500.45
2022-05	32	4	3620.43	905.107500	422120.88
2022-05	33	4	5452.85	1363.212500	427573.73
2022-05	34	10	5685.07	568.507000	433258.80
2022-05	35	9	14312.41	1590.267778	447571.21
2022-05	36	6	4408.32	734.720000	451979.53
2022-05	37	12	8361.85	696.820833	460341.38
2022-05	38	9	6724.16	747.128889	467065.54
2022-05	39	3	3890.53	1296.843333	470956.07
2022-05	40	9	5031.48	559.053333	475987.55
2022-06	0	117	115663.39	988.575983	115663.39
2022-06	1	11	12376.30	1125.118182	128039.69
2022-06	2	8	3505.75	438.218750	131545.44
2022-06	3	9	14195.60	1577.288889	145741.04
2022-06	4	10	10716.98	1071.698000	156458.02
2022-06	5	7	6137.93	876.847143	162595.95
2022-06	6	10	9669.52	966.952000	172265.47
2022-06	7	8	6375.11	796.888750	178640.58
2022-06	8	10	9620.98	962.098000	188261.56
2022-06	9	8	7704.24	963.030000	195965.80
2022-06	10	7	5338.98	762.711429	201304.78
2022-06	11	11	7736.82	703.347273	209041.60
2022-06	12	16	16306.05	1019.128125	225347.65
2022-06	13	9	15282.43	1698.047778	240630.08
2022-06	14	11	9248.25	840.750000	249878.33
2022-06	15	11	12352.89	1122.990000	262231.22
2022-06	16	7	11955.82	1707.974286	274187.04
2022-06	17	10	11453.41	1145.341000	285640.45
2022-06	18	9	8249.35	916.594444	293889.80
2022-06	19	10	8251.35	825.135000	302141.15
2022-06	20	9	12833.38	1425.931111	314974.53
2022-06	21	9	6447.10	716.344444	321421.63
2022-06	22	7	6929.35	989.907143	328350.98
2022-06	23	10	8149.15	814.915000	336500.13
2022-06	24	11	13865.93	1260.539091	350366.06
2022-06	25	9	9581.12	1064.568889	359947.18
2022-06	26	11	8369.69	760.880909	368316.87
2022-06	27	11	6111.33	555.575455	374428.20
2022-06	28	13	17080.14	1313.856923	391508.34
2022-06	29	11	8292.54	753.867273	399800.88
2022-06	30	12	10539.11	878.259167	410339.99
2022-06	31	5	2536.20	507.240000	412876.19
2022-06	32	11	10735.21	975.928182	423611.40
2022-06	33	15	12568.13	837.875333	436179.53
2022-06	34	10	2284.00	228.400000	438463.53
2022-06	35	16	9725.45	607.840625	448188.98
2022-06	36	11	8732.04	793.821818	456921.02
2022-06	37	11	14079.78	1279.980000	471000.80
2022-06	38	10	4903.43	490.343000	475904.23
2022-06	39	7	5319.43	759.918571	481223.66
2022-07	0	134	123811.27	923.964701	123811.27
2022-07	1	10	5107.63	510.763000	128918.90
2022-07	2	11	7154.87	650.442727	136073.77
2022-07	3	14	9090.00	649.285714	145163.77
2022-07	4	17	17682.42	1040.142353	162846.19
2022-07	5	10	12024.15	1202.415000	174870.34
2022-07	6	11	9476.89	861.535455	184347.23
2022-07	7	13	13717.50	1055.192308	198064.73
2022-07	8	13	6980.69	536.976154	205045.42
2022-07	9	12	7511.49	625.957500	212556.91
2022-07	10	15	14226.52	948.434667	226783.43
2022-07	11	16	10696.60	668.537500	237480.03
2022-07	12	11	11482.59	1043.871818	248962.62
2022-07	13	9	11127.94	1236.437778	260090.56
2022-07	14	11	8314.57	755.870000	268405.13
2022-07	15	12	12445.85	1037.154167	280850.98
2022-07	16	9	4770.53	530.058889	285621.51
2022-07	17	9	4379.61	486.623333	290001.12
2022-07	18	14	10764.20	768.871429	300765.32
2022-07	19	11	11144.11	1013.100909	311909.43
2022-07	20	12	5546.06	462.171667	317455.49
2022-07	21	13	24372.64	1874.818462	341828.13
2022-07	22	12	12134.86	1011.238333	353962.99
2022-07	23	11	4441.41	403.764545	358404.40
2022-07	24	17	19777.41	1163.377059	378181.81
2022-07	25	10	7282.26	728.226000	385464.07
2022-07	26	15	12991.73	866.115333	398455.80
2022-07	27	7	7244.54	1034.934286	405700.34
2022-07	28	14	11230.26	802.161429	416930.60
2022-07	29	14	17319.81	1237.129286	434250.41
2022-07	30	10	12212.45	1221.245000	446462.86
2022-07	31	16	9926.02	620.376250	456388.88
2022-07	32	8	5261.96	657.745000	461650.84
2022-07	33	13	17270.71	1328.516154	478921.55
2022-07	34	15	11046.87	736.458000	489968.42
2022-07	35	9	8683.27	964.807778	498651.69
2022-07	36	10	11188.01	1118.801000	509839.70
2022-07	37	13	12434.34	956.487692	522274.04
2022-07	38	6	4945.75	824.291667	527219.79
2022-08	0	127	129229.34	1017.553858	129229.34
2022-08	1	17	12026.81	707.459412	141256.15
2022-08	2	13	10122.96	778.689231	151379.11
2022-08	3	17	19488.11	1146.359412	170867.22
2022-08	4	18	24554.55	1364.141667	195421.77
2022-08	5	12	8472.40	706.033333	203894.17
2022-08	6	5	9879.94	1975.988000	213774.11
2022-08	7	12	16631.66	1385.971667	230405.77
2022-08	8	13	18919.93	1455.379231	249325.70
2022-08	9	10	10047.18	1004.718000	259372.88
2022-08	10	17	13417.43	789.260588	272790.31
2022-08	11	11	15119.41	1374.491818	287909.72
2022-08	12	16	12605.91	787.869375	300515.63
2022-08	13	10	8837.08	883.708000	309352.71
2022-08	14	13	16692.72	1284.055385	326045.43
2022-08	15	7	5274.47	753.495714	331319.90
2022-08	16	10	9206.59	920.659000	340526.49
2022-08	17	17	22346.99	1314.528824	362873.48
2022-08	18	9	7661.36	851.262222	370534.84
2022-08	19	17	10308.30	606.370588	380843.14
2022-08	20	18	22389.26	1243.847778	403232.40
2022-08	21	15	6327.21	421.814000	409559.61
2022-08	22	9	9901.35	1100.150000	419460.96
2022-08	23	15	14328.05	955.203333	433789.01
2022-08	24	14	18518.52	1322.751429	452307.53
2022-08	25	12	8779.49	731.624167	461087.02
2022-08	26	11	4951.43	450.130000	466038.45
2022-08	27	12	10464.33	872.027500	476502.78
2022-08	28	7	7863.19	1123.312857	484365.97
2022-08	29	18	19512.09	1084.005000	503878.06
2022-08	30	16	16548.07	1034.254375	520426.13
2022-08	31	12	5095.03	424.585833	525521.16
2022-08	32	4	3439.88	859.970000	528961.04
2022-08	33	14	9768.36	697.740000	538729.40
2022-08	34	15	15998.95	1066.596667	554728.35
2022-08	35	17	18601.12	1094.183529	573329.47
2022-08	36	8	10263.99	1282.998750	583593.46
2022-08	37	3	2176.09	725.363333	585769.55
2022-09	0	133	137695.32	1035.303158	137695.32
2022-09	1	10	8711.99	871.199000	146407.31
2022-09	2	15	14780.66	985.377333	161187.97
2022-09	3	12	13100.62	1091.718333	174288.59
2022-09	4	14	14082.57	1005.897857	188371.16
2022-09	5	16	13966.23	872.889375	202337.39
2022-09	6	16	19211.36	1200.710000	221548.75
2022-09	7	11	11199.93	1018.175455	232748.68
2022-09	8	14	10475.99	748.285000	243224.67
2022-09	9	17	10173.43	598.437059	253398.10
2022-09	10	9	8594.71	954.967778	261992.81
2022-09	11	13	8884.19	683.399231	270877.00
2022-09	12	16	19859.22	1241.201250	290736.22
2022-09	13	14	14421.42	1030.101429	305157.64
2022-09	14	12	15632.82	1302.735000	320790.46
2022-09	15	10	5110.42	511.042000	325900.88
2022-09	16	12	12313.24	1026.103333	338214.12
2022-09	17	10	5854.76	585.476000	344068.88
2022-09	18	17	18401.00	1082.411765	362469.88
2022-09	19	13	9407.11	723.623846	371876.99
2022-09	20	16	12090.86	755.678750	383967.85
2022-09	21	9	15030.25	1670.027778	398998.10
2022-09	22	14	9101.62	650.115714	408099.72
2022-09	23	6	5428.15	904.691667	413527.87
2022-09	24	11	5538.65	503.513636	419066.52
2022-09	25	20	19774.26	988.713000	438840.78
2022-09	26	9	4581.41	509.045556	443422.19
2022-09	27	12	8631.06	719.255000	452053.25
2022-09	28	13	11478.53	882.963846	463531.78
2022-09	29	12	8242.79	686.899167	471774.57
2022-09	30	13	9502.45	730.957692	481277.02
2022-09	31	8	7132.29	891.536250	488409.31
2022-09	32	14	6312.86	450.918571	494722.17
2022-09	33	8	6501.96	812.745000	501224.13
2022-09	34	14	9099.38	649.955714	510323.51
2022-09	35	16	13053.99	815.874375	523377.50
2022-09	36	1	854.28	854.280000	524231.78
2022-10	0	172	143077.30	831.844767	143077.30
2022-10	1	14	24072.91	1719.493571	167150.21
2022-10	2	11	8470.74	770.067273	175620.95
2022-10	3	13	9823.73	755.671538	185444.68
2022-10	4	15	14876.59	991.772667	200321.27
2022-10	5	15	15813.05	1054.203333	216134.32
2022-10	6	16	16701.67	1043.854375	232835.99
2022-10	7	17	19038.83	1119.931176	251874.82
2022-10	8	18	16972.74	942.930000	268847.56
2022-10	9	17	12724.77	748.515882	281572.33
2022-10	10	16	15145.25	946.578125	296717.58
2022-10	11	17	13234.17	778.480588	309951.75
2022-10	12	7	2307.30	329.614286	312259.05
2022-10	13	10	5665.37	566.537000	317924.42
2022-10	14	14	12780.28	912.877143	330704.70
2022-10	15	13	5571.66	428.589231	336276.36
2022-10	16	12	11473.83	956.152500	347750.19
2022-10	17	15	14105.76	940.384000	361855.95
2022-10	18	16	11448.47	715.529375	373304.42
2022-10	19	10	6317.23	631.723000	379621.65
2022-10	20	14	12097.51	864.107857	391719.16
2022-10	21	17	11779.75	692.926471	403498.91
2022-10	22	20	20700.14	1035.007000	424199.05
2022-10	23	14	13973.49	998.106429	438172.54
2022-10	24	14	20273.22	1448.087143	458445.76
2022-10	25	10	12463.45	1246.345000	470909.21
2022-10	26	15	14380.88	958.725333	485290.09
2022-10	27	16	13257.79	828.611875	498547.88
2022-10	28	21	18521.52	881.977143	517069.40
2022-10	29	18	21438.00	1191.000000	538507.40
2022-10	30	14	21594.36	1542.454286	560101.76
2022-10	31	10	9375.22	937.522000	569476.98
2022-10	32	11	11036.32	1003.301818	580513.30
2022-10	33	14	11427.38	816.241429	591940.68
2022-10	34	13	19490.35	1499.257692	611431.03
2022-10	35	7	4552.05	650.292857	615983.08
2022-11	0	136	131845.21	969.450074	131845.21
2022-11	1	7	3040.34	434.334286	134885.55
2022-11	2	14	14653.16	1046.654286	149538.71
2022-11	3	16	12741.26	796.328750	162279.97
2022-11	4	16	16489.78	1030.611250	178769.75
2022-11	5	17	8586.41	505.082941	187356.16
2022-11	6	13	17294.02	1330.309231	204650.18
2022-11	7	11	11720.59	1065.508182	216370.77
2022-11	8	15	17053.65	1136.910000	233424.42
2022-11	9	15	13572.68	904.845333	246997.10
2022-11	10	18	15940.78	885.598889	262937.88
2022-11	11	11	9305.51	845.955455	272243.39
2022-11	12	15	11878.42	791.894667	284121.81
2022-11	13	13	17082.02	1314.001538	301203.83
2022-11	14	11	8850.18	804.561818	310054.01
2022-11	15	13	10974.44	844.187692	321028.45
2022-11	16	17	13296.49	782.146471	334324.94
2022-11	17	19	22351.66	1176.403158	356676.60
2022-11	18	13	15173.76	1167.212308	371850.36
2022-11	19	13	9378.10	721.392308	381228.46
2022-11	20	15	16718.65	1114.576667	397947.11
2022-11	21	16	16587.92	1036.745000	414535.03
2022-11	22	9	14285.40	1587.266667	428820.43
2022-11	23	11	13971.15	1270.104545	442791.58
2022-11	24	10	7464.84	746.484000	450256.42
2022-11	25	14	11520.83	822.916429	461777.25
2022-11	26	12	11719.75	976.645833	473497.00
2022-11	27	8	6826.73	853.341250	480323.73
2022-11	28	11	8894.79	808.617273	489218.52
2022-11	29	11	10036.76	912.432727	499255.28
2022-11	30	8	4749.10	593.637500	504004.38
2022-11	31	9	8959.45	995.494444	512963.83
2022-11	32	7	5743.47	820.495714	518707.30
2022-11	33	13	10166.88	782.067692	528874.18
2022-11	34	9	10360.79	1151.198889	539234.97
2022-12	0	144	128709.82	893.818194	128709.82
2022-12	1	12	11047.89	920.657500	139757.71
2022-12	2	15	13393.75	892.916667	153151.46
2022-12	3	8	6415.05	801.881250	159566.51
2022-12	4	9	9517.57	1057.507778	169084.08
2022-12	5	13	18262.70	1404.823077	187346.78
2022-12	6	16	15201.29	950.080625	202548.07
2022-12	7	11	11109.28	1009.934545	213657.35
2022-12	8	9	11038.17	1226.463333	224695.52
2022-12	9	12	19264.23	1605.352500	243959.75
2022-12	10	12	9319.21	776.600833	253278.96
2022-12	11	11	15772.47	1433.860909	269051.43
2022-12	12	16	7616.03	476.001875	276667.46
2022-12	13	17	19448.92	1144.054118	296116.38
2022-12	14	9	8367.33	929.703333	304483.71
2022-12	15	14	16037.10	1145.507143	320520.81
2022-12	16	17	8783.59	516.681765	329304.40
2022-12	17	15	13848.82	923.254667	343153.22
2022-12	18	8	6008.61	751.076250	349161.83
2022-12	19	12	20341.81	1695.150833	369503.64
2022-12	20	20	11681.14	584.057000	381184.78
2022-12	21	15	12358.89	823.926000	393543.67
2022-12	22	10	15324.05	1532.405000	408867.72
2022-12	23	11	12932.50	1175.681818	421800.22
2022-12	24	16	11080.40	692.525000	432880.62
2022-12	25	20	19217.69	960.884500	452098.31
2022-12	26	12	10792.97	899.414167	462891.28
2022-12	27	22	29401.23	1336.419545	492292.51
2022-12	28	17	21625.66	1272.097647	513918.17
2022-12	29	11	7585.43	689.584545	521503.60
2022-12	30	13	19135.76	1471.981538	540639.36
2022-12	31	13	14883.62	1144.893846	555522.98
2022-12	32	15	18009.34	1200.622667	573532.32
2022-12	33	6	5886.05	981.008333	579418.37
2023-01	0	179	151458.76	846.138324	151458.76
2023-01	1	14	14684.79	1048.913571	166143.55
2023-01	2	15	10018.74	667.916000	176162.29
2023-01	3	14	10348.79	739.199286	186511.08
2023-01	4	14	7670.13	547.866429	194181.21
2023-01	5	17	10651.13	626.537059	204832.34
2023-01	6	16	18343.19	1146.449375	223175.53
2023-01	7	11	9236.61	839.691818	232412.14
2023-01	8	26	19148.28	736.472308	251560.42
2023-01	9	19	18441.72	970.616842	270002.14
2023-01	10	16	15530.20	970.637500	285532.34
2023-01	11	14	19191.51	1370.822143	304723.85
2023-01	12	14	22905.45	1636.103571	327629.30
2023-01	13	24	17543.23	730.967917	345172.53
2023-01	14	12	8985.89	748.824167	354158.42
2023-01	15	11	12509.54	1137.230909	366667.96
2023-01	16	9	6633.62	737.068889	373301.58
2023-01	17	18	12942.79	719.043889	386244.37
2023-01	18	18	8887.38	493.743333	395131.75
2023-01	19	19	15989.84	841.570526	411121.59
2023-01	20	14	6853.68	489.548571	417975.27
2023-01	21	18	18311.84	1017.324444	436287.11
2023-01	22	17	14699.60	864.682353	450986.71
2023-01	23	23	28446.82	1236.818261	479433.53
2023-01	24	22	24330.67	1105.939545	503764.20
2023-01	25	13	7600.64	584.664615	511364.84
2023-01	26	14	9759.98	697.141429	521124.82
2023-01	27	15	8515.52	567.701333	529640.34
2023-01	28	19	20009.79	1053.146842	549650.13
2023-01	29	16	16038.82	1002.426250	565688.95
2023-01	30	24	32308.09	1346.170417	597997.04
2023-01	31	19	31054.31	1634.437368	629051.35
2023-01	32	7	4159.98	594.282857	633211.33
2023-02	0	158	143429.82	907.783671	143429.82
2023-02	1	20	18819.66	940.983000	162249.48
2023-02	2	13	10428.86	802.220000	172678.34
2023-02	3	15	16992.55	1132.836667	189670.89
2023-02	4	11	8651.57	786.506364	198322.46
2023-02	5	16	17378.36	1086.147500	215700.82
2023-02	6	23	21664.16	941.920000	237364.98
2023-02	7	12	8305.29	692.107500	245670.27
2023-02	8	18	14395.18	799.732222	260065.45
2023-02	9	17	12542.66	737.803529	272608.11
2023-02	10	18	13563.86	753.547778	286171.97
2023-02	11	12	16383.02	1365.251667	302554.99
2023-02	12	22	19698.54	895.388182	322253.53
2023-02	13	18	20155.81	1119.767222	342409.34
2023-02	14	13	13310.76	1023.904615	355720.10
2023-02	15	17	17222.24	1013.072941	372942.34
2023-02	16	17	11999.07	705.827647	384941.41
2023-02	17	11	8946.77	813.342727	393888.18
2023-02	18	19	23012.91	1211.205789	416901.09
2023-02	19	11	12580.74	1143.703636	429481.83
2023-02	20	13	12459.53	958.425385	441941.36
2023-02	21	10	13027.28	1302.728000	454968.64
2023-02	22	11	11100.36	1009.123636	466069.00
2023-02	23	20	19420.20	971.010000	485489.20
2023-02	24	15	15665.29	1044.352667	501154.49
2023-02	25	14	11554.16	825.297143	512708.65
2023-02	26	16	30118.57	1882.410625	542827.22
2023-02	27	20	16605.82	830.291000	559433.04
2023-02	28	18	23666.85	1314.825000	583099.89
2023-02	29	16	16180.73	1011.295625	599280.62
2023-02	30	14	13261.96	947.282857	612542.58
2023-02	31	6	6065.84	1010.973333	618608.42
2023-03	0	169	150758.45	892.061834	150758.45
2023-03	1	11	7535.45	685.040909	158293.90
2023-03	2	17	21673.06	1274.885882	179966.96
2023-03	3	11	8590.71	780.973636	188557.67
2023-03	4	20	16018.85	800.942500	204576.52
2023-03	5	20	18666.00	933.300000	223242.52
2023-03	6	21	16941.80	806.752381	240184.32
2023-03	7	14	14552.70	1039.478571	254737.02
2023-03	8	18	22337.60	1240.977778	277074.62
2023-03	9	20	19732.61	986.630500	296807.23
2023-03	10	16	14006.25	875.390625	310813.48
2023-03	11	12	9229.93	769.160833	320043.41
2023-03	12	19	15298.87	805.203684	335342.28
2023-03	13	15	14922.59	994.839333	350264.87
2023-03	14	13	12951.10	996.238462	363215.97
2023-03	15	13	7489.34	576.103077	370705.31
2023-03	16	16	9574.08	598.380000	380279.39
2023-03	17	16	22680.59	1417.536875	402959.98
2023-03	18	18	7769.53	431.640556	410729.51
2023-03	19	16	16258.08	1016.130000	426987.59
2023-03	20	15	12188.23	812.548667	439175.82
2023-03	21	15	11391.75	759.450000	450567.57
2023-03	22	19	19173.87	1009.151053	469741.44
2023-03	23	17	15054.29	885.546471	484795.73
2023-03	24	27	28217.83	1045.104815	513013.56
2023-03	25	14	10575.96	755.425714	523589.52
2023-03	26	20	31794.57	1589.728500	555384.09
2023-03	27	14	7587.89	541.992143	562971.98
2023-03	28	20	19513.35	975.667500	582485.33
2023-03	29	14	14868.07	1062.005000	597353.40
2023-03	30	6	3018.23	503.038333	600371.63
2023-04	0	170	155408.10	914.165294	155408.10
2023-04	1	18	11679.13	648.840556	167087.23
2023-04	2	21	15332.34	730.111429	182419.57
2023-04	3	18	15846.44	880.357778	198266.01
2023-04	4	16	17694.39	1105.899375	215960.40
2023-04	5	12	20217.84	1684.820000	236178.24
2023-04	6	27	20003.63	740.875185	256181.87
2023-04	7	23	27808.13	1209.049130	283990.00
2023-04	8	13	15712.87	1208.682308	299702.87
2023-04	9	26	20662.25	794.701923	320365.12
2023-04	10	12	9463.93	788.660833	329829.05
2023-04	11	26	20111.13	773.505000	349940.18
2023-04	12	26	28396.71	1092.181154	378336.89
2023-04	13	19	14148.88	744.677895	392485.77
2023-04	14	17	15641.18	920.069412	408126.95
2023-04	15	25	30681.67	1227.266800	438808.62
2023-04	16	21	20612.40	981.542857	459421.02
2023-04	17	13	16478.29	1267.560769	475899.31
2023-04	18	18	20563.19	1142.399444	496462.50
2023-04	19	16	13482.30	842.643750	509944.80
2023-04	20	19	16922.51	890.658421	526867.31
2023-04	21	22	21002.32	954.650909	547869.63
2023-04	22	17	18489.44	1087.614118	566359.07
2023-04	23	17	19827.63	1166.331176	586186.70
2023-04	24	17	23478.49	1381.087647	609665.19
2023-04	25	19	16917.48	890.393684	626582.67
2023-04	26	12	13163.13	1096.927500	639745.80
2023-04	27	18	22273.48	1237.415556	662019.28
2023-04	28	13	13453.52	1034.886154	675472.80
2023-04	29	9	4747.66	527.517778	680220.46
2023-05	0	163	150725.48	924.696196	150725.48
2023-05	1	24	18398.09	766.587083	169123.57
2023-05	2	14	8305.85	593.275000	177429.42
2023-05	3	16	11730.38	733.148750	189159.80
2023-05	4	16	7777.51	486.094375	196937.31
2023-05	5	11	9963.04	905.730909	206900.35
2023-05	6	23	17496.64	760.723478	224396.99
2023-05	7	18	14779.33	821.073889	239176.32
2023-05	8	12	11231.84	935.986667	250408.16
2023-05	9	15	10157.69	677.179333	260565.85
2023-05	10	12	12574.48	1047.873333	273140.33
2023-05	11	16	19995.17	1249.698125	293135.50
2023-05	12	18	20376.74	1132.041111	313512.24
2023-05	13	14	20081.57	1434.397857	333593.81
2023-05	14	17	18435.51	1084.441765	352029.32
2023-05	15	18	13066.66	725.925556	365095.98
2023-05	16	15	11471.64	764.776000	376567.62
2023-05	17	14	13380.47	955.747857	389948.09
2023-05	18	20	15412.02	770.601000	405360.11
2023-05	19	18	14447.73	802.651667	419807.84
2023-05	20	11	6549.71	595.428182	426357.55
2023-05	21	17	11607.84	682.814118	437965.39
2023-05	22	21	27951.51	1331.024286	465916.90
2023-05	23	17	10779.34	634.078824	476696.24
2023-05	24	16	13621.61	851.350625	490317.85
2023-05	25	17	18895.83	1111.519412	509213.68
2023-05	26	16	12428.36	776.772500	521642.04
2023-05	27	17	11146.40	655.670588	532788.44
2023-05	28	6	5015.86	835.976667	537804.30
2023-06	0	170	163917.01	964.217706	163917.01
2023-06	1	18	15450.72	858.373333	179367.73
2023-06	2	18	17206.76	955.931111	196574.49
2023-06	3	17	12964.20	762.600000	209538.69
2023-06	4	23	27687.22	1203.792174	237225.91
2023-06	5	21	20966.52	998.405714	258192.43
2023-06	6	14	17320.93	1237.209286	275513.36
2023-06	7	18	18603.94	1033.552222	294117.30
2023-06	8	20	24141.36	1207.068000	318258.66
2023-06	9	19	17269.71	908.932105	335528.37
2023-06	10	16	16496.55	1031.034375	352024.92
2023-06	11	16	16035.23	1002.201875	368060.15
2023-06	12	15	15592.31	1039.487333	383652.46
2023-06	13	16	16164.69	1010.293125	399817.15
2023-06	14	27	40927.21	1515.822593	440744.36
2023-06	15	24	18727.21	780.300417	459471.57
2023-06	16	23	23530.13	1023.049130	483001.70
2023-06	17	24	22524.59	938.524583	505526.29
2023-06	18	22	19924.50	905.659091	525450.79
2023-06	19	22	22245.06	1011.139091	547695.85
2023-06	20	22	32608.59	1482.208636	580304.44
2023-06	21	18	16209.24	900.513333	596513.68
2023-06	22	17	18166.80	1068.635294	614680.48
2023-06	23	23	25709.03	1117.783913	640389.51
2023-06	24	18	16023.43	890.190556	656412.94
2023-06	25	17	14473.22	851.365882	670886.16
2023-06	26	18	14673.09	815.171667	685559.25
2023-06	27	3	4527.86	1509.286667	690087.11
2023-07	0	201	165593.07	823.846119	165593.07
2023-07	1	25	25464.10	1018.564000	191057.17
2023-07	2	26	25804.34	992.474615	216861.51
2023-07	3	17	12570.13	739.419412	229431.64
2023-07	4	27	21520.70	797.062963	250952.34
2023-07	5	26	21161.21	813.892692	272113.55
2023-07	6	20	20628.00	1031.400000	292741.55
2023-07	7	15	15613.83	1040.922000	308355.38
2023-07	8	22	19719.93	896.360455	328075.31
2023-07	9	21	18692.45	890.116667	346767.76
2023-07	10	26	30724.65	1181.717308	377492.41
2023-07	11	14	19650.75	1403.625000	397143.16
2023-07	12	17	24594.04	1446.708235	421737.20
2023-07	13	24	22737.45	947.393750	444474.65
2023-07	14	17	13853.53	814.913529	458328.18
2023-07	15	18	13999.91	777.772778	472328.09
2023-07	16	21	19798.18	942.770476	492126.27
2023-07	17	19	21337.25	1123.013158	513463.52
2023-07	18	26	25382.98	976.268462	538846.50
2023-07	19	17	20472.41	1204.259412	559318.91
2023-07	20	22	21470.75	975.943182	580789.66
2023-07	21	9	10816.42	1201.824444	591606.08
2023-07	22	18	17729.88	984.993333	609335.96
2023-07	23	23	19868.25	863.836957	629204.21
2023-07	24	19	17532.66	922.771579	646736.87
2023-07	25	22	16187.54	735.797273	662924.41
2023-07	26	10	9015.04	901.504000	671939.45
2023-08	0	199	199071.49	1000.359246	199071.49
2023-08	1	24	23845.42	993.559167	222916.91
2023-08	2	22	23059.22	1048.146364	245976.13
2023-08	3	27	27574.27	1021.269259	273550.40
2023-08	4	34	35686.63	1049.606765	309237.03
2023-08	5	20	25304.66	1265.233000	334541.69
2023-08	6	15	12317.83	821.188667	346859.52
2023-08	7	20	17661.82	883.091000	364521.34
2023-08	8	19	20195.79	1062.936316	384717.13
2023-08	9	30	25978.34	865.944667	410695.47
2023-08	10	28	20612.22	736.150714	431307.69
2023-08	11	22	20299.99	922.726818	451607.68
2023-08	12	16	9798.93	612.433125	461406.61
2023-08	13	21	18406.01	876.476667	479812.62
2023-08	14	23	27916.96	1213.780870	507729.58
2023-08	15	26	16493.34	634.359231	524222.92
2023-08	16	20	15826.33	791.316500	540049.25
2023-08	17	18	18635.27	1035.292778	558684.52
2023-08	18	25	20216.54	808.661600	578901.06
2023-08	19	28	30940.86	1105.030714	609841.92
2023-08	20	24	31425.14	1309.380833	641267.06
2023-08	21	29	30776.39	1061.254828	672043.45
2023-08	22	27	33420.96	1237.813333	705464.41
2023-08	23	28	26497.36	946.334286	731961.77
2023-08	24	17	26831.02	1578.295294	758792.79
2023-08	25	12	9818.25	818.187500	768611.04
2023-09	0	204	192651.53	944.370245	192651.53
2023-09	1	23	22070.34	959.580000	214721.87
2023-09	2	23	10409.88	452.603478	225131.75
2023-09	3	31	23157.51	747.016452	248289.26
2023-09	4	18	12428.82	690.490000	260718.08
2023-09	5	22	26224.43	1192.019545	286942.51
2023-09	6	25	24033.32	961.332800	310975.83
2023-09	7	14	16083.85	1148.846429	327059.68
2023-09	8	19	14606.45	768.760526	341666.13
2023-09	9	25	23868.59	954.743600	365534.72
2023-09	10	27	24746.95	916.553704	390281.67
2023-09	11	20	16039.97	801.998500	406321.64
2023-09	12	26	24434.76	939.798462	430756.40
2023-09	13	24	20269.50	844.562500	451025.90
2023-09	14	19	18654.06	981.792632	469679.96
2023-09	15	20	20483.98	1024.199000	490163.94
2023-09	16	25	27261.49	1090.459600	517425.43
2023-09	17	16	12880.15	805.009375	530305.58
2023-09	18	26	21312.34	819.705385	551617.92
2023-09	19	31	31873.63	1028.181613	583491.55
2023-09	20	26	29456.40	1132.938462	612947.95
2023-09	21	23	17656.00	767.652174	630603.95
2023-09	22	25	21741.49	869.659600	652345.44
2023-09	23	20	22053.26	1102.663000	674398.70
2023-09	24	12	14235.98	1186.331667	688634.68
2023-10	0	238	229174.54	962.918235	229174.54
2023-10	1	29	34154.57	1177.743793	263329.11
2023-10	2	29	21159.20	729.627586	284488.31
2023-10	3	36	50368.59	1399.127500	334856.90
2023-10	4	22	23795.32	1081.605455	358652.22
2023-10	5	26	21235.01	816.731154	379887.23
2023-10	6	25	29918.05	1196.722000	409805.28
2023-10	7	31	26592.79	857.831935	436398.07
2023-10	8	31	24395.62	786.955484	460793.69
2023-10	9	39	43731.41	1121.318205	504525.10
2023-10	10	30	28319.52	943.984000	532844.62
2023-10	11	31	28476.16	918.585806	561320.78
2023-10	12	31	31979.67	1031.602258	593300.45
2023-10	13	26	23017.83	885.301154	616318.28
2023-10	14	31	46261.14	1492.294839	662579.42
2023-10	15	34	37451.34	1101.510000	700030.76
2023-10	16	25	18878.14	755.125600	718908.90
2023-10	17	36	37401.75	1038.937500	756310.65
2023-10	18	23	28845.32	1254.144348	785155.97
2023-10	19	26	18813.67	723.602692	803969.64
2023-10	20	31	24935.27	804.363548	828904.91
2023-10	21	32	21482.49	671.327813	850387.40
2023-10	22	33	42918.50	1300.560606	893305.90
2023-10	23	8	9175.75	1146.968750	902481.65
2023-11	0	201	185792.84	924.342488	185792.84
2023-11	1	25	29156.88	1166.275200	214949.72
2023-11	2	22	16758.93	761.769545	231708.65
2023-11	3	19	20268.46	1066.761053	251977.11
2023-11	4	28	29144.82	1040.886429	281121.93
2023-11	5	25	20521.37	820.854800	301643.30
2023-11	6	23	29045.32	1262.840000	330688.62
2023-11	7	22	16397.48	745.340000	347086.10
2023-11	8	21	19291.18	918.627619	366377.28
2023-11	9	35	34746.41	992.754571	401123.69
2023-11	10	23	23083.09	1003.612609	424206.78
2023-11	11	22	22181.20	1008.236364	446387.98
2023-11	12	21	19327.03	920.334762	465715.01
2023-11	13	35	29389.83	839.709429	495104.84
2023-11	14	26	21833.43	839.747308	516938.27
2023-11	15	23	28386.65	1234.202174	545324.92
2023-11	16	26	21511.79	827.376538	566836.71
2023-11	17	15	15998.34	1066.556000	582835.05
2023-11	18	27	19732.98	730.851111	602568.03
2023-11	19	28	31219.47	1114.981071	633787.50
2023-11	20	17	19626.74	1154.514118	653414.24
2023-11	21	24	24310.90	1012.954167	677725.14
2023-11	22	15	25245.30	1683.020000	702970.44
2023-12	0	202	208315.38	1031.264257	208315.38
2023-12	1	29	24523.91	845.652069	232839.29
2023-12	2	20	22674.40	1133.720000	255513.69
2023-12	3	31	32855.48	1059.854194	288369.17
2023-12	4	20	20459.16	1022.958000	308828.33
2023-12	5	24	23168.13	965.338750	331996.46
2023-12	6	25	23518.15	940.726000	355514.61
2023-12	7	27	15258.47	565.128519	370773.08
2023-12	8	24	22698.46	945.769167	393471.54
2023-12	9	23	19588.04	851.653913	413059.58
2023-12	10	27	20385.84	755.031111	433445.42
2023-12	11	28	29128.40	1040.300000	462573.82
2023-12	12	32	31296.62	978.019375	493870.44
2023-12	13	23	17771.77	772.685652	511642.21
2023-12	14	24	18904.52	787.688333	530546.73
2023-12	15	30	29773.86	992.462000	560320.59
2023-12	16	31	23324.56	752.405161	583645.15
2023-12	17	27	24497.24	907.305185	608142.39
2023-12	18	25	32667.89	1306.715600	640810.28
2023-12	19	23	18862.00	820.086957	659672.28
2023-12	20	24	20430.28	851.261667	680102.56
2023-12	21	12	9776.61	814.717500	689879.17
2024-01	0	229	233282.07	1018.698996	233282.07
2024-01	1	29	21542.24	742.835862	254824.31
2024-01	2	22	29105.34	1322.970000	283929.65
2024-01	3	40	51085.20	1277.130000	335014.85
2024-01	4	32	23862.42	745.700625	358877.27
2024-01	5	29	26996.76	930.922759	385874.03
2024-01	6	41	45427.47	1107.987073	431301.50
2024-01	7	32	46784.82	1462.025625	478086.32
2024-01	8	25	28636.28	1145.451200	506722.60
2024-01	9	27	22754.33	842.752963	529476.93
2024-01	10	24	17292.44	720.518333	546769.37
2024-01	11	30	33571.71	1119.057000	580341.08
2024-01	12	36	30015.24	833.756667	610356.32
2024-01	13	30	41948.86	1398.295333	652305.18
2024-01	14	49	40238.74	821.198776	692543.92
2024-01	15	29	36618.36	1262.702069	729162.28
2024-01	16	36	40233.31	1117.591944	769395.59
2024-01	17	32	44820.09	1400.627813	814215.68
2024-01	18	25	26847.92	1073.916800	841063.60
2024-01	19	26	21703.78	834.760769	862767.38
2024-01	20	5	1875.43	375.086000	864642.81
2024-02	0	203	168581.55	830.450985	168581.55
2024-02	1	19	23476.02	1235.580000	192057.57
2024-02	2	17	19640.50	1155.323529	211698.07
2024-02	3	23	18877.26	820.750435	230575.33
2024-02	4	33	34040.65	1031.534848	264615.98
2024-02	5	30	34204.60	1140.153333	298820.58
2024-02	6	29	30448.63	1049.952759	329269.21
2024-02	7	20	20280.30	1014.015000	349549.51
2024-02	8	26	16436.76	632.183077	365986.27
2024-02	9	19	18743.66	986.508421	384729.93
2024-02	10	32	40157.44	1254.920000	424887.37
2024-02	11	33	36103.14	1094.034545	460990.51
2024-02	12	17	23785.35	1399.138235	484775.86
2024-02	13	35	46954.43	1341.555143	531730.29
2024-02	14	20	19655.04	982.752000	551385.33
2024-02	15	23	29707.17	1291.616087	581092.50
2024-02	16	28	29346.92	1048.104286	610439.42
2024-02	17	31	34854.60	1124.341935	645294.02
2024-02	18	28	24091.62	860.415000	669385.64
2024-02	19	13	18492.47	1422.497692	687878.11
2024-03	0	225	222746.80	989.985778	222746.80
2024-03	1	37	29218.62	789.692432	251965.42
2024-03	2	30	22724.51	757.483667	274689.93
2024-03	3	33	40138.95	1216.331818	314828.88
2024-03	4	27	28285.84	1047.623704	343114.72
2024-03	5	40	45614.30	1140.357500	388729.02
2024-03	6	30	43297.10	1443.236667	432026.12
2024-03	7	31	27605.22	890.490968	459631.34
2024-03	8	27	21635.75	801.324074	481267.09
2024-03	9	33	34496.37	1045.344545	515763.46
2024-03	10	27	29149.41	1079.607778	544912.87
2024-03	11	29	29054.06	1001.864138	573966.93
2024-03	12	37	40297.80	1089.129730	614264.73
2024-03	13	23	17870.56	776.980870	632135.29
2024-03	14	39	45066.99	1155.563846	677202.28
2024-03	15	30	26376.76	879.225333	703579.04
2024-03	16	35	44693.20	1276.948571	748272.24
2024-03	17	33	35507.93	1075.997879	783780.17
2024-03	18	16	6437.18	402.323750	790217.35
2024-04	0	225	229534.90	1020.155111	229534.90
2024-04	1	35	29685.33	848.152286	259220.23
2024-04	2	34	30931.31	909.744412	290151.54
2024-04	3	36	30708.28	853.007778	320859.82
2024-04	4	32	32148.92	1004.653750	353008.74
2024-04	5	27	19643.76	727.546667	372652.50
2024-04	6	38	26408.99	694.973421	399061.49
2024-04	7	36	37743.77	1048.438056	436805.26
2024-04	8	29	26781.69	923.506552	463586.95
2024-04	9	37	39617.92	1070.754595	503204.87
2024-04	10	25	38202.11	1528.084400	541406.98
2024-04	11	42	45857.94	1091.855714	587264.92
2024-04	12	26	20611.67	792.756538	607876.59
2024-04	13	44	48046.82	1091.973182	655923.41
2024-04	14	38	43548.90	1146.023684	699472.31
2024-04	15	39	57652.29	1478.263846	757124.60
2024-04	16	39	42430.89	1087.971538	799555.49
2024-04	17	17	10011.27	588.898235	809566.76
2024-05	0	238	255624.26	1074.051513	255624.26
2024-05	1	33	32027.63	970.534242	287651.89
2024-05	2	34	23406.52	688.427059	311058.41
2024-05	3	30	27077.84	902.594667	338136.25
2024-05	4	50	45978.04	919.560800	384114.29
2024-05	5	43	40753.55	947.756977	424867.84
2024-05	6	37	43386.89	1172.618649	468254.73
2024-05	7	30	36524.82	1217.494000	504779.55
2024-05	8	29	35032.88	1208.030345	539812.43
2024-05	9	35	35312.38	1008.925143	575124.81
2024-05	10	29	35273.45	1216.325862	610398.26
2024-05	11	36	35214.85	978.190278	645613.11
2024-05	12	43	38483.86	894.973488	684096.97
2024-05	13	38	45313.76	1192.467368	729410.73
2024-05	14	43	54466.46	1266.661860	783877.19
2024-05	15	42	51772.33	1232.674524	835649.52
2024-05	16	19	20761.79	1092.725789	856411.31
2024-06	0	239	227297.23	951.034435	227297.23
2024-06	1	40	51044.36	1276.109000	278341.59
2024-06	2	36	40602.03	1127.834167	318943.62
2024-06	3	38	41761.23	1098.979737	360704.85
2024-06	4	41	49624.99	1210.365610	410329.84
2024-06	5	42	50638.71	1205.683571	460968.55
2024-06	6	41	42905.02	1046.463902	503873.57
2024-06	7	44	50616.95	1150.385227	554490.52
2024-06	8	27	30714.69	1137.581111	585205.21
2024-06	9	31	29831.95	962.320968	615037.16
2024-06	10	35	31602.75	902.935714	646639.91
2024-06	11	36	37358.18	1037.727222	683998.09
2024-06	12	30	26931.38	897.712667	710929.47
2024-06	13	45	42344.22	940.982667	753273.69
2024-06	14	46	41769.38	908.030000	795043.07
2024-06	15	13	9099.79	699.983846	804142.86
2024-07	0	263	273120.83	1038.482243	273120.83
2024-07	1	44	44550.34	1012.507727	317671.17
2024-07	2	52	57153.21	1099.100192	374824.38
2024-07	3	54	58270.58	1079.084815	433094.96
2024-07	4	44	32301.01	734.113864	465395.97
2024-07	5	54	55487.46	1027.545556	520883.43
2024-07	6	46	39969.50	868.902174	560852.93
2024-07	7	38	35283.63	928.516579	596136.56
2024-07	8	55	51944.34	944.442545	648080.90
2024-07	9	47	57809.05	1229.979787	705889.95
2024-07	10	50	45139.95	902.799000	751029.90
2024-07	11	46	47344.29	1029.223696	798374.19
2024-07	12	39	46503.41	1192.395128	844877.60
2024-07	13	46	32405.02	704.456957	877282.62
2024-07	14	13	13340.42	1026.186154	890623.04
2024-08	0	267	229851.43	860.866779	229851.43
2024-08	1	49	35819.08	731.001633	265670.51
2024-08	2	43	39127.30	909.937209	304797.81
2024-08	3	41	41345.23	1008.420244	346143.04
2024-08	4	47	55042.28	1171.112340	401185.32
2024-08	5	45	37881.27	841.806000	439066.59
2024-08	6	32	28501.48	890.671250	467568.07
2024-08	7	54	65643.44	1215.619259	533211.51
2024-08	8	39	36701.81	941.072051	569913.32
2024-08	9	45	34221.37	760.474889	604134.69
2024-08	10	36	36029.86	1000.829444	640164.55
2024-08	11	46	40920.97	889.586304	681085.52
2024-08	12	34	43536.88	1280.496471	724622.40
2024-08	13	20	17758.46	887.923000	742380.86
2024-09	0	258	256283.39	993.346473	256283.39
2024-09	1	42	48698.80	1159.495238	304982.19
2024-09	2	41	37104.58	904.989756	342086.77
2024-09	3	38	50688.44	1333.906316	392775.21
2024-09	4	51	60493.70	1186.150980	453268.91
2024-09	5	33	31570.04	956.667879	484838.95
2024-09	6	45	33917.65	753.725556	518756.60
2024-09	7	37	45399.11	1227.002973	564155.71
2024-09	8	42	44760.05	1065.715476	608915.76
2024-09	9	41	32294.60	787.673171	641210.36
2024-09	10	50	48944.87	978.897400	690155.23
2024-09	11	38	42555.28	1119.875789	732710.51
2024-09	12	18	14106.61	783.700556	746817.12
2024-10	0	279	284548.65	1019.887634	284548.65
2024-10	1	50	45122.23	902.444600	329670.88
2024-10	2	57	62796.41	1101.691404	392467.29
2024-10	3	55	58666.55	1066.664545	451133.84
2024-10	4	47	48220.64	1025.971064	499354.48
2024-10	5	58	56605.83	975.962586	555960.31
2024-10	6	45	50988.95	1133.087778	606949.26
2024-10	7	57	55561.14	974.756842	662510.40
2024-10	8	50	34608.41	692.168200	697118.81
2024-10	9	54	60911.27	1127.986481	758030.08
2024-10	10	51	48602.46	952.989412	806632.54
2024-10	11	13	16803.46	1292.573846	823436.00
2024-11	0	273	274441.55	1005.280403	274441.55
2024-11	1	72	83313.88	1157.137222	357755.43
2024-11	2	62	67495.70	1088.640323	425251.13
2024-11	3	62	72877.64	1175.445806	498128.77
2024-11	4	51	58762.22	1152.200392	556890.99
2024-11	5	67	77483.71	1156.473284	634374.70
2024-11	6	62	71124.79	1147.174032	705499.49
2024-11	7	53	75725.55	1428.783962	781225.04
2024-11	8	54	46390.22	859.078148	827615.26
2024-11	9	61	86908.54	1424.730164	914523.80
2024-11	10	29	27357.69	943.368621	941881.49
2024-12	0	318	326100.39	1025.472925	326100.39
2024-12	1	80	83159.00	1039.487500	409259.39
2024-12	2	58	65637.80	1131.686207	474897.19
2024-12	3	81	80592.96	994.974815	555490.15
2024-12	4	74	72735.07	982.906351	628225.22
2024-12	5	70	69817.41	997.391571	698042.63
2024-12	6	68	82952.95	1219.896324	780995.58
2024-12	7	88	105582.31	1199.798977	886577.89
2024-12	8	62	55358.35	892.876613	941936.24
2024-12	9	45	48315.27	1073.672667	990251.51
2025-01	0	280	263364.08	940.586000	263364.08
2025-01	1	74	68018.42	919.167838	331382.50
2025-01	2	72	88375.95	1227.443750	419758.45
2025-01	3	67	62729.76	936.265075	482488.21
2025-01	4	60	62779.55	1046.325833	545267.76
2025-01	5	70	91356.40	1305.091429	636624.16
2025-01	6	82	87076.93	1061.913780	723701.09
2025-01	7	60	72224.82	1203.747000	795925.91
2025-01	8	35	23610.14	674.575429	819536.05
2025-02	0	269	291736.92	1084.523866	291736.92
2025-02	1	65	84887.59	1305.962923	376624.51
2025-02	2	66	76554.74	1159.920303	453179.25
2025-02	3	65	72558.62	1116.286462	525737.87
2025-02	4	82	98814.12	1205.050244	624551.99
2025-02	5	78	102688.76	1316.522564	727240.75
2025-02	6	74	84731.65	1145.022297	811972.40
2025-02	7	27	26503.44	981.608889	838475.84
2025-03	0	303	353046.57	1165.170198	353046.57
2025-03	1	82	96619.13	1178.282073	449665.70
2025-03	2	86	123827.41	1439.853605	573493.11
2025-03	3	91	100966.08	1109.517363	674459.19
2025-03	4	91	110600.51	1215.390220	785059.70
2025-03	5	95	105449.42	1109.993895	890509.12
2025-03	6	45	49486.66	1099.703556	939995.78
2025-04	0	294	340079.67	1156.733571	340079.67
2025-04	1	108	138872.20	1285.853704	478951.87
2025-04	2	95	126964.04	1336.463579	605915.91
2025-04	3	91	107899.38	1185.707473	713815.29
2025-04	4	103	129564.82	1257.910874	843380.11
2025-04	5	41	41529.08	1012.904390	884909.19
2025-05	0	272	325044.18	1195.015368	325044.18
2025-05	1	113	141869.22	1255.479823	466913.40
2025-05	2	110	117655.32	1069.593818	584568.72
2025-05	3	115	155847.13	1355.192435	740415.85
2025-05	4	57	56660.64	994.046316	797076.49
2025-06	0	311	363425.06	1168.569325	363425.06
2025-06	1	137	236704.81	1727.772336	600129.87
2025-06	2	138	199274.14	1444.015507	799404.01
2025-06	3	79	75128.49	950.993544	874532.50
2025-07	0	340	457347.20	1345.138824	457347.20
2025-07	1	184	326285.33	1773.289837	783632.53
2025-07	2	104	137225.25	1319.473558	920857.78
2025-08	0	376	590000.00	1569.148936	590000.00
2025-08	1	175	307584.83	1757.627600	897584.83
2025-09	0	167	373176.72	2234.591138	373176.72
customer_frequency_segment	customer_count	avg_ltv	avg_order_value	avg_order_frequency	avg_lifespan_days	total_segment_revenue
High Frequency (7+ orders)	1238	7608.671260	433.0971323708	8.3554	580.1438	9419535.02
Medium Frequency (4-6 orders)	3007	4348.105191	431.6446981187	4.7908	479.1709	13074752.31
Low Frequency (2-3 orders)	3520	2192.803869	427.6762670795	2.4668	312.7264	7718669.62
One-time Customer	1572	886.391845	419.3050718836	1.0000	1.0000	1393407.98
