top_20_percent_revenue
15069607.91
high_churn_risk_customers
3478
potential_cross_sell_revenue
2809.05
customer_segment	customer_count	total_revenue
High Value	8313	31347776.92
Low/Medium Value	1024	258588.01
quarter	revenue
1	6818378.58
2	8475085.32
3	10705607.87
4	5607293.16
category	profit	revenue	profit_margin
Clothing	1567570.45	3435324.10	45.63
Electronics	7608795.19	16747307.18	45.43
Home	2732005.03	6019690.96	45.38
Books	382804.92	844834.87	45.31
Sports	2003797.87	4559207.82	43.95
month	revenue	total_orders	active_customers	prev_month_revenue	revenue_growth_pct	orders_growth_pct	customers_growth_pct
2024-09	488053.49	557	535	NULL	NULL	NULL	NULL
2024-10	993200.26	1108	1002	488053.49	103.50	98.92	87.29
2024-11	954238.15	1108	995	993200.26	-3.92	0.00	-0.70
2024-12	1242487.55	1329	1186	954238.15	30.21	19.95	19.20
2025-01	1219050.59	1367	1223	1242487.55	-1.89	2.86	3.12
2025-02	1190382.47	1290	1144	1219050.59	-2.35	-5.63	-6.46
2025-03	1531315.72	1639	1429	1190382.47	28.64	27.05	24.91
2025-04	1458959.12	1564	1337	1531315.72	-4.73	-4.58	-6.44
2025-05	1652846.60	1808	1542	1458959.12	13.29	15.60	15.33
2025-06	1830381.25	1985	1624	1652846.60	10.74	9.79	5.32
2025-07	2178140.81	2381	1851	1830381.25	19.00	19.95	13.98
2025-08	2579589.55	2879	2022	2178140.81	18.43	20.92	9.24
2025-09	1462783.80	1672	1125	2579589.55	-43.29	-41.92	-44.36
